2.651001453399658203e+00 6.073721051216125488e-01 2.227081298828125000e+00 6.036660671234130859e+00
2.653814077377319336e+00 6.151316761970520020e-01 2.255466461181640625e+00 6.021825313568115234e+00
2.656687498092651367e+00 6.228405237197875977e-01 2.284279108047485352e+00 6.006876945495605469e+00
2.659621715545654297e+00 6.304982304573059082e-01 2.313520431518554688e+00 5.991816043853759766e+00
2.662619113922119141e+00 6.381044983863830566e-01 2.343190431594848633e+00 5.976651668548583984e+00
2.665679216384887695e+00 6.456589102745056152e-01 2.373290061950683594e+00 5.961385250091552734e+00
2.668803215026855469e+00 6.531609892845153809e-01 2.403819084167480469e+00 5.946019649505615234e+00
2.671991825103759766e+00 6.606106162071228027e-01 2.434777975082397461e+00 5.930559635162353516e+00
2.675246000289916992e+00 6.680073738098144531e-01 2.466167926788330078e+00 5.915011405944824219e+00
2.678566455841064453e+00 6.753509044647216797e-01 2.497988224029541016e+00 5.899374961853027344e+00
2.681954145431518555e+00 6.826410293579101562e-01 2.530240058898925781e+00 5.883657932281494141e+00
2.685410499572753906e+00 6.898774504661560059e-01 2.562923669815063477e+00 5.867864608764648438e+00
2.688934803009033203e+00 6.970598697662353516e-01 2.596039533615112305e+00 5.851994991302490234e+00
2.692529678344726562e+00 7.041881084442138672e-01 2.629587888717651367e+00 5.836057662963867188e+00
2.696194410324096680e+00 7.112616300582885742e-01 2.663568973541259766e+00 5.820052146911621094e+00
2.699931621551513672e+00 7.182807922363281250e-01 2.697983980178833008e+00 5.803989887237548828e+00
2.703740596771240234e+00 7.252448797225952148e-01 2.732832908630371094e+00 5.787867069244384766e+00
2.707622528076171875e+00 7.321538329124450684e-01 2.768115997314453125e+00 5.771689414978027344e+00
2.711578845977783203e+00 7.390076518058776855e-01 2.803833484649658203e+00 5.755465030670166016e+00
2.715610027313232422e+00 7.458059191703796387e-01 2.839986801147460938e+00 5.739193439483642578e+00
2.719717502593994141e+00 7.525488734245300293e-01 2.876575469970703125e+00 5.722883224487304688e+00
2.723901033401489258e+00 7.592357993125915527e-01 2.913599967956542969e+00 5.706533432006835938e+00
2.728162288665771484e+00 7.658671140670776367e-01 2.951061248779296875e+00 5.690149307250976562e+00
2.732502222061157227e+00 7.724423408508300781e-01 2.988959312438964844e+00 5.673736572265625000e+00
2.736921787261962891e+00 7.789617180824279785e-01 3.027295351028442383e+00 5.657299041748046875e+00
2.741421222686767578e+00 7.854248881340026855e-01 3.066068887710571289e+00 5.640839576721191406e+00
2.746002197265625000e+00 7.918319702148437500e-01 3.105280637741088867e+00 5.624361515045166016e+00
2.750664710998535156e+00 7.981827259063720703e-01 3.144931316375732422e+00 5.607870101928710938e+00
2.755410432815551758e+00 8.044772148132324219e-01 3.185020685195922852e+00 5.591368198394775391e+00
2.760240077972412109e+00 8.107155561447143555e-01 3.225549936294555664e+00 5.574859142303466797e+00
2.765154123306274414e+00 8.168974518775939941e-01 3.266519308090209961e+00 5.558348178863525391e+00
2.770153522491455078e+00 8.230230808258056641e-01 3.307929039001464844e+00 5.541836261749267578e+00
2.775239944458007812e+00 8.290924429893493652e-01 3.349779844284057617e+00 5.525331974029541016e+00
2.780413389205932617e+00 8.351055979728698730e-01 3.392072200775146484e+00 5.508833885192871094e+00
2.785675525665283203e+00 8.410626053810119629e-01 3.434806585311889648e+00 5.492351055145263672e+00
2.791026115417480469e+00 8.469631075859069824e-01 3.477982282638549805e+00 5.475879192352294922e+00
2.796467304229736328e+00 8.528078198432922363e-01 3.521601915359497070e+00 5.459430217742919922e+00
2.801998615264892578e+00 8.585963845252990723e-01 3.565663576126098633e+00 5.443001747131347656e+00
2.807622432708740234e+00 8.643292784690856934e-01 3.610169887542724609e+00 5.426601409912109375e+00
2.813338518142700195e+00 8.700060248374938965e-01 3.655119419097900391e+00 5.410228252410888672e+00
2.819148540496826172e+00 8.756272792816162109e-01 3.700514316558837891e+00 5.393889427185058594e+00
2.825051784515380859e+00 8.811926245689392090e-01 3.746352672576904297e+00 5.377585411071777344e+00
2.831050872802734375e+00 8.867027163505554199e-01 3.792637109756469727e+00 5.361320972442626953e+00
2.837146282196044922e+00 8.921575546264648438e-01 3.839367389678955078e+00 5.345099925994873047e+00
2.843338251113891602e+00 8.975571393966674805e-01 3.886543750762939453e+00 5.328925609588623047e+00
2.849627494812011719e+00 9.029015302658081055e-01 3.934166431427001953e+00 5.312795639038085938e+00
2.856015682220458984e+00 9.081913232803344727e-01 3.982236146926879883e+00 5.296721935272216797e+00
2.862503528594970703e+00 9.134265184402465820e-01 4.030754089355468750e+00 5.280703067779541016e+00
2.869091033935546875e+00 9.186071157455444336e-01 4.079718589782714844e+00 5.264739990234375000e+00
2.875779628753662109e+00 9.237334132194519043e-01 4.129131793975830078e+00 5.248837471008300781e+00
2.882570266723632812e+00 9.288058876991271973e-01 4.178993701934814453e+00 5.233001708984375000e+00
2.889463424682617188e+00 9.338244795799255371e-01 4.229304790496826172e+00 5.217231273651123047e+00
2.896460056304931641e+00 9.387894868850708008e-01 4.280065059661865234e+00 5.201529026031494141e+00
2.903560161590576172e+00 9.437009692192077637e-01 4.331274986267089844e+00 5.185896873474121094e+00
2.910766124725341797e+00 9.485595226287841797e-01 4.382935047149658203e+00 5.170341014862060547e+00
2.918077468872070312e+00 9.533654451370239258e-01 4.435046195983886719e+00 5.154863357543945312e+00
2.925495624542236328e+00 9.581187367439270020e-01 4.487608432769775391e+00 5.139465332031250000e+00
2.933020591735839844e+00 9.628194570541381836e-01 4.540621280670166016e+00 5.124145984649658203e+00
2.940653800964355469e+00 9.674684405326843262e-01 4.594086170196533203e+00 5.108913421630859375e+00
2.948396205902099609e+00 9.720657467842102051e-01 4.648003578186035156e+00 5.093769073486328125e+00
2.956247329711914062e+00 9.766114354133605957e-01 4.702373504638671875e+00 5.078710556030273438e+00
2.964209318161010742e+00 9.811062216758728027e-01 4.757195472717285156e+00 5.063746929168701172e+00
2.972281694412231445e+00 9.855500459671020508e-01 4.812470912933349609e+00 5.048873901367187500e+00
2.980465888977050781e+00 9.899433851242065430e-01 4.868200302124023438e+00 5.034097194671630859e+00
2.988762378692626953e+00 9.942867159843444824e-01 4.924383163452148438e+00 5.019418239593505859e+00
2.997171401977539062e+00 9.985798001289367676e-01 4.981019496917724609e+00 5.004837036132812500e+00
3.005694866180419922e+00 1.002823829650878906e+00 5.038111686706542969e+00 4.990359306335449219e+00
3.014332294464111328e+00 1.007018446922302246e+00 5.095658302307128906e+00 4.975984096527099609e+00
3.023084402084350586e+00 1.011164188385009766e+00 5.153659343719482422e+00 4.961713790893554688e+00
3.031952381134033203e+00 1.015261411666870117e+00 5.212117195129394531e+00 4.947549819946289062e+00
3.040936708450317383e+00 1.019310593605041504e+00 5.271030426025390625e+00 4.933495998382568359e+00
3.050037622451782227e+00 1.023311853408813477e+00 5.330399036407470703e+00 4.919550895690917969e+00
3.059256315231323242e+00 1.027265787124633789e+00 5.390224933624267578e+00 4.905717372894287109e+00
3.068593025207519531e+00 1.031172633171081543e+00 5.450508117675781250e+00 4.891997814178466797e+00
3.078048467636108398e+00 1.035032749176025391e+00 5.511247158050537109e+00 4.878392219543457031e+00
3.087622880935668945e+00 1.038846492767333984e+00 5.572443485260009766e+00 4.864902973175048828e+00
3.097317457199096680e+00 1.042614459991455078e+00 5.634099006652832031e+00 4.851532459259033203e+00
3.107132434844970703e+00 1.046336650848388672e+00 5.696210861206054688e+00 4.838279247283935547e+00
3.117067813873291016e+00 1.050013542175292969e+00 5.758781433105468750e+00 4.825144290924072266e+00
3.127125024795532227e+00 1.053645730018615723e+00 5.821810245513916016e+00 4.812132358551025391e+00
3.137304782867431641e+00 1.057233572006225586e+00 5.885298252105712891e+00 4.799242973327636719e+00
3.147606372833251953e+00 1.060777068138122559e+00 5.949245452880859375e+00 4.786474704742431641e+00
3.158030986785888672e+00 1.064277052879333496e+00 6.013651371002197266e+00 4.773831844329833984e+00
3.168579578399658203e+00 1.067733764648437500e+00 6.078516006469726562e+00 4.761314392089843750e+00
3.179251670837402344e+00 1.071147561073303223e+00 6.143842220306396484e+00 4.748922824859619141e+00
3.190048217773437500e+00 1.074518561363220215e+00 6.209625720977783203e+00 4.736657142639160156e+00
3.200970172882080078e+00 1.077847719192504883e+00 6.275871753692626953e+00 4.724520683288574219e+00
3.212017297744750977e+00 1.081135034561157227e+00 6.342577934265136719e+00 4.712512016296386719e+00
3.223190307617187500e+00 1.084381103515625000e+00 6.409745216369628906e+00 4.700632095336914062e+00
3.234489440917968750e+00 1.087586045265197754e+00 6.477371215820312500e+00 4.688882350921630859e+00
3.245915412902832031e+00 1.090750575065612793e+00 6.545459747314453125e+00 4.677262783050537109e+00
3.257468461990356445e+00 1.093874931335449219e+00 6.614008903503417969e+00 4.665774345397949219e+00
3.269148826599121094e+00 1.096959471702575684e+00 6.683020114898681641e+00 4.654417514801025391e+00
3.280957221984863281e+00 1.100004673004150391e+00 6.752492427825927734e+00 4.643192768096923828e+00
3.292894124984741211e+00 1.103010773658752441e+00 6.822427749633789062e+00 4.632099628448486328e+00
3.304959297180175781e+00 1.105978250503540039e+00 6.892824649810791016e+00 4.621139526367187500e+00
3.317153453826904297e+00 1.108907580375671387e+00 6.963682174682617188e+00 4.610312461853027344e+00
3.329477310180664062e+00 1.111799120903015137e+00 7.035004138946533203e+00 4.599619388580322266e+00
3.341930627822875977e+00 1.114653229713439941e+00 7.106788635253906250e+00 4.589058876037597656e+00
3.354513883590698242e+00 1.117470145225524902e+00 7.179033756256103516e+00 4.578632354736328125e+00
3.367227554321289062e+00 1.120250582695007324e+00 7.251742839813232422e+00 4.568340301513671875e+00
3.380072116851806641e+00 1.122994780540466309e+00 7.324916362762451172e+00 4.558182716369628906e+00
3.393047332763671875e+00 1.125702977180480957e+00 7.398550987243652344e+00 4.548158168792724609e+00
3.406154155731201172e+00 1.128375649452209473e+00 7.472649574279785156e+00 4.538268566131591797e+00
3.419392108917236328e+00 1.131013154983520508e+00 7.547212600708007812e+00 4.528513431549072266e+00
3.432762145996093750e+00 1.133615970611572266e+00 7.622239589691162109e+00 4.518891811370849609e+00
3.446263790130615234e+00 1.136184573173522949e+00 7.697728157043457031e+00 4.509405136108398438e+00
3.459897994995117188e+00 1.138719081878662109e+00 7.773682594299316406e+00 4.500052452087402344e+00
3.473665237426757812e+00 1.141219854354858398e+00 7.850099563598632812e+00 4.490833759307861328e+00
3.487564563751220703e+00 1.143687486648559570e+00 7.926980972290039062e+00 4.481749057769775391e+00
3.501596927642822266e+00 1.146122097969055176e+00 8.004327774047851562e+00 4.472796916961669922e+00
3.515762805938720703e+00 1.148524403572082520e+00 8.082138061523437500e+00 4.463979244232177734e+00
3.530062198638916016e+00 1.150894522666931152e+00 8.160412788391113281e+00 4.455295085906982422e+00
3.544495105743408203e+00 1.153232812881469727e+00 8.239151000976562500e+00 4.446743488311767578e+00
3.559062004089355469e+00 1.155539631843566895e+00 8.318355560302734375e+00 4.438324451446533203e+00
3.573763132095336914e+00 1.157815456390380859e+00 8.398024559020996094e+00 4.430038452148437500e+00
3.588597774505615234e+00 1.160060405731201172e+00 8.478157043457031250e+00 4.421883583068847656e+00
3.603567361831665039e+00 1.162275195121765137e+00 8.558755874633789062e+00 4.413861751556396484e+00
3.618671655654907227e+00 1.164460062980651855e+00 8.639819145202636719e+00 4.405971050262451172e+00
3.633910179138183594e+00 1.166615009307861328e+00 8.721347808837890625e+00 4.398210048675537109e+00
3.649283409118652344e+00 1.168740749359130859e+00 8.803340911865234375e+00 4.390580177307128906e+00
3.664792299270629883e+00 1.170837402343750000e+00 8.885800361633300781e+00 4.383080005645751953e+00
3.680435895919799805e+00 1.172905564308166504e+00 8.968724250793457031e+00 4.375710010528564453e+00
3.696214675903320312e+00 1.174945354461669922e+00 9.052114486694335938e+00 4.368467807769775391e+00
3.712129116058349609e+00 1.176957011222839355e+00 9.135969161987304688e+00 4.361355304718017578e+00
3.728178977966308594e+00 1.178941249847412109e+00 9.220289230346679688e+00 4.354370594024658203e+00
3.744364738464355469e+00 1.180898070335388184e+00 9.305076599121093750e+00 4.347513198852539062e+00
3.760685443878173828e+00 1.182827949523925781e+00 9.390325546264648438e+00 4.340782165527343750e+00
3.777142763137817383e+00 1.184731245040893555e+00 9.476044654846191406e+00 4.334178924560546875e+00
3.793735504150390625e+00 1.186607956886291504e+00 9.562227249145507812e+00 4.327699661254882812e+00
3.810464382171630859e+00 1.188458681106567383e+00 9.648874282836914062e+00 4.321345806121826172e+00
3.827329397201538086e+00 1.190283656120300293e+00 9.735989570617675781e+00 4.315115928649902344e+00
3.844330310821533203e+00 1.192083239555358887e+00 9.823570251464843750e+00 4.309011459350585938e+00
3.861467838287353516e+00 1.193857669830322266e+00 9.911615371704101562e+00 4.303029060363769531e+00
3.878740787506103516e+00 1.195607304573059082e+00 1.000012588500976562e+01 4.297168731689453125e+00
3.896150588989257812e+00 1.197332262992858887e+00 1.008910274505615234e+01 4.291429519653320312e+00
3.913697004318237305e+00 1.199033260345458984e+00 1.017854785919189453e+01 4.285812854766845703e+00
3.931379079818725586e+00 1.200710177421569824e+00 1.026845645904541016e+01 4.280315399169921875e+00
3.949198246002197266e+00 1.202363371849060059e+00 1.035883140563964844e+01 4.274938106536865234e+00
3.967154026031494141e+00 1.203993320465087891e+00 1.044967460632324219e+01 4.269680500030517578e+00
3.985246181488037109e+00 1.205600023269653320e+00 1.054098129272460938e+01 4.264538764953613281e+00
4.003474235534667969e+00 1.207183957099914551e+00 1.063275241851806641e+01 4.259515762329101562e+00
4.021839141845703125e+00 1.208745598793029785e+00 1.072499275207519531e+01 4.254609584808349609e+00
4.040340900421142578e+00 1.210284590721130371e+00 1.081769752502441406e+01 4.249818801879882812e+00
4.058979034423828125e+00 1.211801767349243164e+00 1.091086864471435547e+01 4.245143413543701172e+00
4.077754020690917969e+00 1.213297247886657715e+00 1.100450515747070312e+01 4.240582466125488281e+00
4.096664905548095703e+00 1.214771270751953125e+00 1.109860897064208984e+01 4.236134529113769531e+00
4.115713119506835938e+00 1.216224193572998047e+00 1.119318008422851562e+01 4.231800079345703125e+00
4.134897708892822266e+00 1.217656016349792480e+00 1.128821277618408203e+01 4.227577209472656250e+00
4.154218673706054688e+00 1.219067215919494629e+00 1.138371467590332031e+01 4.223465442657470703e+00
4.173676490783691406e+00 1.220457911491394043e+00 1.147968196868896484e+01 4.219463825225830078e+00
4.193270683288574219e+00 1.221828341484069824e+00 1.157611465454101562e+01 4.215571403503417969e+00
4.213001251220703125e+00 1.223178863525390625e+00 1.167301464080810547e+01 4.211787700653076172e+00
4.232869148254394531e+00 1.224509954452514648e+00 1.177037906646728516e+01 4.208113193511962891e+00
4.252872943878173828e+00 1.225821256637573242e+00 1.186821174621582031e+01 4.204544067382812500e+00
4.273012638092041016e+00 1.227113366127014160e+00 1.196650600433349609e+01 4.201081752777099609e+00
4.293289661407470703e+00 1.228386521339416504e+00 1.206527042388916016e+01 4.197725296020507812e+00
4.313703060150146484e+00 1.229641079902648926e+00 1.216450023651123047e+01 4.194474220275878906e+00
4.334252357482910156e+00 1.230876803398132324e+00 1.226419353485107422e+01 4.191324234008789062e+00
4.354938030242919922e+00 1.232094407081604004e+00 1.236435604095458984e+01 4.188279628753662109e+00
4.375760555267333984e+00 1.233293890953063965e+00 1.246498203277587891e+01 4.185336589813232422e+00
4.396718978881835938e+00 1.234475493431091309e+00 1.256607437133789062e+01 4.182494640350341797e+00
4.417813301086425781e+00 1.235639333724975586e+00 1.266763305664062500e+01 4.179753303527832031e+00
4.439043998718261719e+00 1.236785650253295898e+00 1.276965713500976562e+01 4.177110195159912109e+00
4.460410594940185547e+00 1.237914919853210449e+00 1.287214660644531250e+01 4.174567222595214844e+00
4.481913566589355469e+00 1.239027142524719238e+00 1.297510147094726562e+01 4.172122001647949219e+00
4.503552436828613281e+00 1.240122318267822266e+00 1.307852172851562500e+01 4.169773101806640625e+00
4.525327682495117188e+00 1.241201043128967285e+00 1.318241024017333984e+01 4.167520999908447266e+00
4.547238349914550781e+00 1.242263436317443848e+00 1.328676414489746094e+01 4.165365219116210938e+00
4.569284439086914062e+00 1.243309378623962402e+00 1.339158058166503906e+01 4.163302898406982422e+00
4.591466903686523438e+00 1.244339466094970703e+00 1.349686431884765625e+01 4.161334514617919922e+00
4.613784790039062500e+00 1.245353579521179199e+00 1.360261535644531250e+01 4.159459590911865234e+00
4.636238098144531250e+00 1.246352076530456543e+00 1.370882701873779297e+01 4.157675743103027344e+00
4.658827304840087891e+00 1.247335076332092285e+00 1.381550979614257812e+01 4.155984878540039062e+00
4.681551933288574219e+00 1.248302817344665527e+00 1.392265605926513672e+01 4.154383182525634766e+00
4.704411506652832031e+00 1.249255418777465820e+00 1.403026771545410156e+01 4.152871608734130859e+00
4.727406501770019531e+00 1.250193119049072266e+00 1.413834190368652344e+01 4.151448249816894531e+00
4.750537395477294922e+00 1.251116156578063965e+00 1.424688434600830078e+01 4.150114059448242188e+00
4.773803710937500000e+00 1.252024412155151367e+00 1.435589313507080078e+01 4.148865699768066406e+00
4.797204017639160156e+00 1.252918481826782227e+00 1.446536350250244141e+01 4.147704601287841797e+00
4.820739746093750000e+00 1.253798127174377441e+00 1.457530117034912109e+01 4.146629333496093750e+00
4.844410896301269531e+00 1.254663705825805664e+00 1.468570613861083984e+01 4.145637989044189453e+00
4.868216514587402344e+00 1.255515575408935547e+00 1.479657363891601562e+01 4.144730567932128906e+00
4.892156600952148438e+00 1.256353616714477539e+00 1.490790653228759766e+01 4.143907546997070312e+00
4.916232109069824219e+00 1.257177948951721191e+00 1.501970481872558594e+01 4.143165588378906250e+00
4.940442085266113281e+00 1.257989048957824707e+00 1.513196945190429688e+01 4.142506599426269531e+00
4.964786052703857422e+00 1.258786559104919434e+00 1.524469566345214844e+01 4.141926765441894531e+00
4.989264488220214844e+00 1.259571313858032227e+00 1.535789012908935547e+01 4.141427993774414062e+00
5.013877868652343750e+00 1.260343194007873535e+00 1.547154903411865234e+01 4.141009807586669922e+00
5.038625717163085938e+00 1.261101961135864258e+00 1.558567237854003906e+01 4.140668392181396484e+00
5.063507080078125000e+00 1.261847972869873047e+00 1.570025825500488281e+01 4.140404701232910156e+00
5.088522434234619141e+00 1.262581825256347656e+00 1.581531238555908203e+01 4.140219211578369141e+00
5.113672256469726562e+00 1.263303041458129883e+00 1.593082904815673828e+01 4.140108585357666016e+00
5.138955593109130859e+00 1.264011979103088379e+00 1.604681015014648438e+01 4.140073299407958984e+00
5.164372444152832031e+00 1.264708876609802246e+00 1.616325759887695312e+01 4.140112876892089844e+00
5.189924240112304688e+00 1.265393972396850586e+00 1.628016853332519531e+01 4.140227317810058594e+00
5.215608596801757812e+00 1.266067147254943848e+00 1.639754486083984375e+01 4.140414714813232422e+00
5.241426467895507812e+00 1.266728758811950684e+00 1.651538467407226562e+01 4.140674591064453125e+00
5.267378807067871094e+00 1.267378568649291992e+00 1.663368988037109375e+01 4.141005516052246094e+00
