5.075376629829406738e-01 0.000000000000000000e+00 0.000000000000000000e+00 0.000000000000000000e+00 1.093939423561096191e+00 0.000000000000000000e+00 0.000000000000000000e+00 0.000000000000000000e+00 1.093939423561096191e+00 -8.112891387939453125e+01 0.000000000000000000e+00 0.000000000000000000e+00 0.000000000000000000e+00 -3.814697265625000000e-06 0.000000000000000000e+00 0.000000000000000000e+00 0.000000000000000000e+00 -3.814697265625000000e-06 1.709961700439453125e+01
5.150753855705261230e-01 0.000000000000000000e+00 0.000000000000000000e+00 0.000000000000000000e+00 1.092820048332214355e+00 0.000000000000000000e+00 0.000000000000000000e+00 0.000000000000000000e+00 1.092820048332214355e+00 -7.910731506347656250e+01 0.000000000000000000e+00 0.000000000000000000e+00 0.000000000000000000e+00 3.814697265625000000e-06 0.000000000000000000e+00 0.000000000000000000e+00 0.000000000000000000e+00 3.814697265625000000e-06 1.649574661254882812e+01
5.226130485534667969e-01 0.000000000000000000e+00 0.000000000000000000e+00 0.000000000000000000e+00 1.091687440872192383e+00 0.000000000000000000e+00 0.000000000000000000e+00 0.000000000000000000e+00 1.091687440872192383e+00 -7.713305664062500000e+01 0.000000000000000000e+00 0.000000000000000000e+00 0.000000000000000000e+00 -3.814697265625000000e-06 0.000000000000000000e+00 0.000000000000000000e+00 0.000000000000000000e+00 -3.814697265625000000e-06 1.590693283081054688e+01
5.301507711410522461e-01 0.000000000000000000e+00 0.000000000000000000e+00 0.000000000000000000e+00 1.090541601181030273e+00 0.000000000000000000e+00 0.000000000000000000e+00 0.000000000000000000e+00 1.090541601181030273e+00 -7.520401000976562500e+01 0.000000000000000000e+00 0.000000000000000000e+00 0.000000000000000000e+00 -1.525878906250000000e-05 0.000000000000000000e+00 0.000000000000000000e+00 0.000000000000000000e+00 -1.525878906250000000e-05 1.533281707763671875e+01
5.376884341239929199e-01 0.000000000000000000e+00 0.000000000000000000e+00 0.000000000000000000e+00 1.089382886886596680e+00 0.000000000000000000e+00 0.000000000000000000e+00 0.000000000000000000e+00 1.089382886886596680e+00 -7.331835937500000000e+01 0.000000000000000000e+00 0.000000000000000000e+00 0.000000000000000000e+00 3.814697265625000000e-06 0.000000000000000000e+00 0.000000000000000000e+00 0.000000000000000000e+00 3.814697265625000000e-06 1.477308654785156250e+01
5.452261567115783691e-01 0.000000000000000000e+00 0.000000000000000000e+00 0.000000000000000000e+00 1.088211297988891602e+00 0.000000000000000000e+00 0.000000000000000000e+00 0.000000000000000000e+00 1.088211297988891602e+00 -7.147427368164062500e+01 0.000000000000000000e+00 0.000000000000000000e+00 0.000000000000000000e+00 1.144409179687500000e-05 0.000000000000000000e+00 0.000000000000000000e+00 0.000000000000000000e+00 1.144409179687500000e-05 1.422740936279296875e+01
5.527638196945190430e-01 0.000000000000000000e+00 0.000000000000000000e+00 0.000000000000000000e+00 1.087026953697204590e+00 0.000000000000000000e+00 0.000000000000000000e+00 0.000000000000000000e+00 1.087026953697204590e+00 -6.967005157470703125e+01 0.000000000000000000e+00 0.000000000000000000e+00 0.000000000000000000e+00 7.629394531250000000e-06 0.000000000000000000e+00 0.000000000000000000e+00 0.000000000000000000e+00 7.629394531250000000e-06 1.369548797607421875e+01
5.603014826774597168e-01 0.000000000000000000e+00 0.000000000000000000e+00 0.000000000000000000e+00 1.085830092430114746e+00 0.000000000000000000e+00 0.000000000000000000e+00 0.000000000000000000e+00 1.085830092430114746e+00 -6.790410614013671875e+01 0.000000000000000000e+00 0.000000000000000000e+00 0.000000000000000000e+00 0.000000000000000000e+00 0.000000000000000000e+00 0.000000000000000000e+00 0.000000000000000000e+00 0.000000000000000000e+00 1.317701339721679688e+01
5.678392052650451660e-01 0.000000000000000000e+00 0.000000000000000000e+00 0.000000000000000000e+00 1.084620833396911621e+00 0.000000000000000000e+00 0.000000000000000000e+00 0.000000000000000000e+00 1.084620833396911621e+00 -6.617488098144531250e+01 0.000000000000000000e+00 0.000000000000000000e+00 0.000000000000000000e+00 7.629394531250000000e-06 0.000000000000000000e+00 0.000000000000000000e+00 0.000000000000000000e+00 7.629394531250000000e-06 1.267171478271484375e+01
5.753768682479858398e-01 0.000000000000000000e+00 0.000000000000000000e+00 0.000000000000000000e+00 1.083399295806884766e+00 0.000000000000000000e+00 0.000000000000000000e+00 0.000000000000000000e+00 1.083399295806884766e+00 -6.448092651367187500e+01 0.000000000000000000e+00 0.000000000000000000e+00 0.000000000000000000e+00 3.814697265625000000e-06 0.000000000000000000e+00 0.000000000000000000e+00 0.000000000000000000e+00 3.814697265625000000e-06 1.217931747436523438e+01
5.829145908355712891e-01 0.000000000000000000e+00 0.000000000000000000e+00 0.000000000000000000e+00 1.082165598869323730e+00 0.000000000000000000e+00 0.000000000000000000e+00 0.000000000000000000e+00 1.082165598869323730e+00 -6.282087707519531250e+01 0.000000000000000000e+00 0.000000000000000000e+00 0.000000000000000000e+00 -3.814697265625000000e-06 0.000000000000000000e+00 0.000000000000000000e+00 0.000000000000000000e+00 -3.814697265625000000e-06 1.169955444335937500e+01
5.904522538185119629e-01 0.000000000000000000e+00 0.000000000000000000e+00 0.000000000000000000e+00 1.080920100212097168e+00 0.000000000000000000e+00 0.000000000000000000e+00 0.000000000000000000e+00 1.080920100212097168e+00 -6.119343566894531250e+01 0.000000000000000000e+00 0.000000000000000000e+00 0.000000000000000000e+00 3.814697265625000000e-06 0.000000000000000000e+00 0.000000000000000000e+00 0.000000000000000000e+00 3.814697265625000000e-06 1.123218536376953125e+01
5.979899764060974121e-01 0.000000000000000000e+00 0.000000000000000000e+00 0.000000000000000000e+00 1.079662680625915527e+00 0.000000000000000000e+00 0.000000000000000000e+00 0.000000000000000000e+00 1.079662680625915527e+00 -5.959731292724609375e+01 0.000000000000000000e+00 0.000000000000000000e+00 0.000000000000000000e+00 -3.814697265625000000e-06 0.000000000000000000e+00 0.000000000000000000e+00 0.000000000000000000e+00 -3.814697265625000000e-06 1.077696228027343750e+01
6.055276393890380859e-01 0.000000000000000000e+00 0.000000000000000000e+00 0.000000000000000000e+00 1.078393697738647461e+00 0.000000000000000000e+00 0.000000000000000000e+00 0.000000000000000000e+00 1.078393697738647461e+00 -5.803134155273437500e+01 0.000000000000000000e+00 0.000000000000000000e+00 0.000000000000000000e+00 1.144409179687500000e-05 0.000000000000000000e+00 0.000000000000000000e+00 0.000000000000000000e+00 1.144409179687500000e-05 1.033365631103515625e+01
6.130653023719787598e-01 0.000000000000000000e+00 0.000000000000000000e+00 0.000000000000000000e+00 1.077113151550292969e+00 0.000000000000000000e+00 0.000000000000000000e+00 0.000000000000000000e+00 1.077113151550292969e+00 -5.649441909790039062e+01 0.000000000000000000e+00 0.000000000000000000e+00 0.000000000000000000e+00 -1.907348632812500000e-05 0.000000000000000000e+00 0.000000000000000000e+00 0.000000000000000000e+00 -1.907348632812500000e-05 9.902046203613281250e+00
6.206030249595642090e-01 0.000000000000000000e+00 0.000000000000000000e+00 0.000000000000000000e+00 1.075821399688720703e+00 0.000000000000000000e+00 0.000000000000000000e+00 0.000000000000000000e+00 1.075821399688720703e+00 -5.498541641235351562e+01 0.000000000000000000e+00 0.000000000000000000e+00 0.000000000000000000e+00 3.814697265625000000e-06 0.000000000000000000e+00 0.000000000000000000e+00 0.000000000000000000e+00 3.814697265625000000e-06 9.481914520263671875e+00
6.281406879425048828e-01 0.000000000000000000e+00 0.000000000000000000e+00 0.000000000000000000e+00 1.074518442153930664e+00 0.000000000000000000e+00 0.000000000000000000e+00 0.000000000000000000e+00 1.074518442153930664e+00 -5.350332641601562500e+01 0.000000000000000000e+00 0.000000000000000000e+00 0.000000000000000000e+00 0.000000000000000000e+00 0.000000000000000000e+00 0.000000000000000000e+00 0.000000000000000000e+00 0.000000000000000000e+00 9.073051452636718750e+00
6.356784105300903320e-01 0.000000000000000000e+00 0.000000000000000000e+00 0.000000000000000000e+00 1.073204398155212402e+00 0.000000000000000000e+00 0.000000000000000000e+00 0.000000000000000000e+00 1.073204398155212402e+00 -5.204714965820312500e+01 0.000000000000000000e+00 0.000000000000000000e+00 0.000000000000000000e+00 -3.814697265625000000e-06 0.000000000000000000e+00 0.000000000000000000e+00 0.000000000000000000e+00 -3.814697265625000000e-06 8.675266265869140625e+00
6.432160735130310059e-01 0.000000000000000000e+00 0.000000000000000000e+00 0.000000000000000000e+00 1.071879625320434570e+00 0.000000000000000000e+00 0.000000000000000000e+00 0.000000000000000000e+00 1.071879625320434570e+00 -5.061597442626953125e+01 0.000000000000000000e+00 0.000000000000000000e+00 0.000000000000000000e+00 -1.144409179687500000e-05 0.000000000000000000e+00 0.000000000000000000e+00 0.000000000000000000e+00 -1.144409179687500000e-05 8.288360595703125000e+00
6.507537961006164551e-01 0.000000000000000000e+00 0.000000000000000000e+00 0.000000000000000000e+00 1.070544123649597168e+00 0.000000000000000000e+00 0.000000000000000000e+00 0.000000000000000000e+00 1.070544123649597168e+00 -4.920886230468750000e+01 0.000000000000000000e+00 0.000000000000000000e+00 0.000000000000000000e+00 -1.144409179687500000e-05 0.000000000000000000e+00 0.000000000000000000e+00 0.000000000000000000e+00 -1.144409179687500000e-05 7.912155151367187500e+00
6.582914590835571289e-01 0.000000000000000000e+00 0.000000000000000000e+00 0.000000000000000000e+00 1.069198250770568848e+00 0.000000000000000000e+00 0.000000000000000000e+00 0.000000000000000000e+00 1.069198250770568848e+00 -4.782498931884765625e+01 0.000000000000000000e+00 0.000000000000000000e+00 0.000000000000000000e+00 1.144409179687500000e-05 0.000000000000000000e+00 0.000000000000000000e+00 0.000000000000000000e+00 1.144409179687500000e-05 7.546455383300781250e+00
6.658291220664978027e-01 0.000000000000000000e+00 0.000000000000000000e+00 0.000000000000000000e+00 1.067841887474060059e+00 0.000000000000000000e+00 0.000000000000000000e+00 0.000000000000000000e+00 1.067841887474060059e+00 -4.646352005004882812e+01 0.000000000000000000e+00 0.000000000000000000e+00 0.000000000000000000e+00 7.629394531250000000e-06 0.000000000000000000e+00 0.000000000000000000e+00 0.000000000000000000e+00 7.629394531250000000e-06 7.191116333007812500e+00
6.733668446540832520e-01 0.000000000000000000e+00 0.000000000000000000e+00 0.000000000000000000e+00 1.066475391387939453e+00 0.000000000000000000e+00 0.000000000000000000e+00 0.000000000000000000e+00 1.066475391387939453e+00 -4.512363433837890625e+01 0.000000000000000000e+00 0.000000000000000000e+00 0.000000000000000000e+00 0.000000000000000000e+00 0.000000000000000000e+00 0.000000000000000000e+00 0.000000000000000000e+00 0.000000000000000000e+00 6.845943450927734375e+00
6.809045076370239258e-01 0.000000000000000000e+00 0.000000000000000000e+00 0.000000000000000000e+00 1.065098881721496582e+00 0.000000000000000000e+00 0.000000000000000000e+00 0.000000000000000000e+00 1.065098881721496582e+00 -4.380461120605468750e+01 0.000000000000000000e+00 0.000000000000000000e+00 0.000000000000000000e+00 -7.629394531250000000e-06 0.000000000000000000e+00 0.000000000000000000e+00 0.000000000000000000e+00 -7.629394531250000000e-06 6.510807037353515625e+00
6.884422302246093750e-01 0.000000000000000000e+00 0.000000000000000000e+00 0.000000000000000000e+00 1.063712596893310547e+00 0.000000000000000000e+00 0.000000000000000000e+00 0.000000000000000000e+00 1.063712596893310547e+00 -4.250569915771484375e+01 0.000000000000000000e+00 0.000000000000000000e+00 0.000000000000000000e+00 0.000000000000000000e+00 0.000000000000000000e+00 0.000000000000000000e+00 0.000000000000000000e+00 0.000000000000000000e+00 6.185527801513671875e+00
6.959798932075500488e-01 0.000000000000000000e+00 0.000000000000000000e+00 0.000000000000000000e+00 1.062316656112670898e+00 0.000000000000000000e+00 0.000000000000000000e+00 0.000000000000000000e+00 1.062316656112670898e+00 -4.122620391845703125e+01 0.000000000000000000e+00 0.000000000000000000e+00 0.000000000000000000e+00 1.525878906250000000e-05 0.000000000000000000e+00 0.000000000000000000e+00 0.000000000000000000e+00 1.525878906250000000e-05 5.869968414306640625e+00
7.035176157951354980e-01 0.000000000000000000e+00 0.000000000000000000e+00 0.000000000000000000e+00 1.060911178588867188e+00 0.000000000000000000e+00 0.000000000000000000e+00 0.000000000000000000e+00 1.060911178588867188e+00 -3.996544647216796875e+01 0.000000000000000000e+00 0.000000000000000000e+00 0.000000000000000000e+00 3.814697265625000000e-06 0.000000000000000000e+00 0.000000000000000000e+00 0.000000000000000000e+00 3.814697265625000000e-06 5.563976287841796875e+00
7.110552787780761719e-01 0.000000000000000000e+00 0.000000000000000000e+00 0.000000000000000000e+00 1.059496402740478516e+00 0.000000000000000000e+00 0.000000000000000000e+00 0.000000000000000000e+00 1.059496402740478516e+00 -3.872278594970703125e+01 0.000000000000000000e+00 0.000000000000000000e+00 0.000000000000000000e+00 1.525878906250000000e-05 0.000000000000000000e+00 0.000000000000000000e+00 0.000000000000000000e+00 1.525878906250000000e-05 5.267429351806640625e+00
7.185929417610168457e-01 0.000000000000000000e+00 0.000000000000000000e+00 0.000000000000000000e+00 1.058072447776794434e+00 0.000000000000000000e+00 0.000000000000000000e+00 0.000000000000000000e+00 1.058072447776794434e+00 -3.749761199951171875e+01 0.000000000000000000e+00 0.000000000000000000e+00 0.000000000000000000e+00 1.907348632812500000e-05 0.000000000000000000e+00 0.000000000000000000e+00 0.000000000000000000e+00 1.907348632812500000e-05 4.980178833007812500e+00
7.261306643486022949e-01 0.000000000000000000e+00 0.000000000000000000e+00 0.000000000000000000e+00 1.056639552116394043e+00 0.000000000000000000e+00 0.000000000000000000e+00 0.000000000000000000e+00 1.056639552116394043e+00 -3.628929901123046875e+01 0.000000000000000000e+00 0.000000000000000000e+00 0.000000000000000000e+00 1.144409179687500000e-05 0.000000000000000000e+00 0.000000000000000000e+00 0.000000000000000000e+00 1.144409179687500000e-05 4.702095031738281250e+00
7.336683273315429688e-01 0.000000000000000000e+00 0.000000000000000000e+00 0.000000000000000000e+00 1.055197834968566895e+00 0.000000000000000000e+00 0.000000000000000000e+00 0.000000000000000000e+00 1.055197834968566895e+00 -3.509729003906250000e+01 0.000000000000000000e+00 0.000000000000000000e+00 0.000000000000000000e+00 7.629394531250000000e-06 0.000000000000000000e+00 0.000000000000000000e+00 0.000000000000000000e+00 7.629394531250000000e-06 4.433059692382812500e+00
7.412060499191284180e-01 0.000000000000000000e+00 0.000000000000000000e+00 0.000000000000000000e+00 1.053747415542602539e+00 0.000000000000000000e+00 0.000000000000000000e+00 0.000000000000000000e+00 1.053747415542602539e+00 -3.392102813720703125e+01 0.000000000000000000e+00 0.000000000000000000e+00 0.000000000000000000e+00 -7.629394531250000000e-06 0.000000000000000000e+00 0.000000000000000000e+00 0.000000000000000000e+00 -7.629394531250000000e-06 4.172943115234375000e+00
7.487437129020690918e-01 0.000000000000000000e+00 0.000000000000000000e+00 0.000000000000000000e+00 1.052288651466369629e+00 0.000000000000000000e+00 0.000000000000000000e+00 0.000000000000000000e+00 1.052288651466369629e+00 -3.275995635986328125e+01 0.000000000000000000e+00 0.000000000000000000e+00 0.000000000000000000e+00 3.814697265625000000e-06 0.000000000000000000e+00 0.000000000000000000e+00 0.000000000000000000e+00 3.814697265625000000e-06 3.921649932861328125e+00
7.562814354896545410e-01 0.000000000000000000e+00 0.000000000000000000e+00 0.000000000000000000e+00 1.050821542739868164e+00 0.000000000000000000e+00 0.000000000000000000e+00 0.000000000000000000e+00 1.050821542739868164e+00 -3.161358451843261719e+01 0.000000000000000000e+00 0.000000000000000000e+00 0.000000000000000000e+00 -7.629394531250000000e-06 0.000000000000000000e+00 0.000000000000000000e+00 0.000000000000000000e+00 -7.629394531250000000e-06 3.679039001464843750e+00
7.638190984725952148e-01 0.000000000000000000e+00 0.000000000000000000e+00 0.000000000000000000e+00 1.049346446990966797e+00 0.000000000000000000e+00 0.000000000000000000e+00 0.000000000000000000e+00 1.049346446990966797e+00 -3.048137664794921875e+01 0.000000000000000000e+00 0.000000000000000000e+00 0.000000000000000000e+00 1.907348632812500000e-05 0.000000000000000000e+00 0.000000000000000000e+00 0.000000000000000000e+00 1.907348632812500000e-05 3.445026397705078125e+00
7.713567614555358887e-01 0.000000000000000000e+00 0.000000000000000000e+00 0.000000000000000000e+00 1.047863245010375977e+00 0.000000000000000000e+00 0.000000000000000000e+00 0.000000000000000000e+00 1.047863245010375977e+00 -2.936289787292480469e+01 0.000000000000000000e+00 0.000000000000000000e+00 0.000000000000000000e+00 -1.144409179687500000e-05 0.000000000000000000e+00 0.000000000000000000e+00 0.000000000000000000e+00 -1.144409179687500000e-05 3.219490051269531250e+00
7.788944840431213379e-01 0.000000000000000000e+00 0.000000000000000000e+00 0.000000000000000000e+00 1.046372413635253906e+00 0.000000000000000000e+00 0.000000000000000000e+00 0.000000000000000000e+00 1.046372413635253906e+00 -2.825761604309082031e+01 0.000000000000000000e+00 0.000000000000000000e+00 0.000000000000000000e+00 -7.629394531250000000e-06 0.000000000000000000e+00 0.000000000000000000e+00 0.000000000000000000e+00 -7.629394531250000000e-06 3.002342224121093750e+00
7.864321470260620117e-01 0.000000000000000000e+00 0.000000000000000000e+00 0.000000000000000000e+00 1.044873952865600586e+00 0.000000000000000000e+00 0.000000000000000000e+00 0.000000000000000000e+00 1.044873952865600586e+00 -2.716513824462890625e+01 0.000000000000000000e+00 0.000000000000000000e+00 0.000000000000000000e+00 -1.144409179687500000e-05 0.000000000000000000e+00 0.000000000000000000e+00 0.000000000000000000e+00 -1.144409179687500000e-05 2.793464660644531250e+00
7.939698696136474609e-01 0.000000000000000000e+00 0.000000000000000000e+00 0.000000000000000000e+00 1.043368220329284668e+00 0.000000000000000000e+00 0.000000000000000000e+00 0.000000000000000000e+00 1.043368220329284668e+00 -2.608498191833496094e+01 0.000000000000000000e+00 0.000000000000000000e+00 0.000000000000000000e+00 1.525878906250000000e-05 0.000000000000000000e+00 0.000000000000000000e+00 0.000000000000000000e+00 1.525878906250000000e-05 2.592777252197265625e+00
8.015075325965881348e-01 0.000000000000000000e+00 0.000000000000000000e+00 0.000000000000000000e+00 1.041855096817016602e+00 0.000000000000000000e+00 0.000000000000000000e+00 0.000000000000000000e+00 1.041855096817016602e+00 -2.501676368713378906e+01 0.000000000000000000e+00 0.000000000000000000e+00 0.000000000000000000e+00 3.814697265625000000e-06 0.000000000000000000e+00 0.000000000000000000e+00 0.000000000000000000e+00 3.814697265625000000e-06 2.400192260742187500e+00
8.090452551841735840e-01 0.000000000000000000e+00 0.000000000000000000e+00 0.000000000000000000e+00 1.040335059165954590e+00 0.000000000000000000e+00 0.000000000000000000e+00 0.000000000000000000e+00 1.040335059165954590e+00 -2.396004676818847656e+01 0.000000000000000000e+00 0.000000000000000000e+00 0.000000000000000000e+00 7.629394531250000000e-06 0.000000000000000000e+00 0.000000000000000000e+00 0.000000000000000000e+00 7.629394531250000000e-06 2.215618133544921875e+00
8.165829181671142578e-01 0.000000000000000000e+00 0.000000000000000000e+00 0.000000000000000000e+00 1.038807988166809082e+00 0.000000000000000000e+00 0.000000000000000000e+00 0.000000000000000000e+00 1.038807988166809082e+00 -2.291442871093750000e+01 0.000000000000000000e+00 0.000000000000000000e+00 0.000000000000000000e+00 -7.629394531250000000e-06 0.000000000000000000e+00 0.000000000000000000e+00 0.000000000000000000e+00 -7.629394531250000000e-06 2.038963317871093750e+00
8.241205811500549316e-01 0.000000000000000000e+00 0.000000000000000000e+00 0.000000000000000000e+00 1.037274360656738281e+00 0.000000000000000000e+00 0.000000000000000000e+00 0.000000000000000000e+00 1.037274360656738281e+00 -2.187953376770019531e+01 0.000000000000000000e+00 0.000000000000000000e+00 0.000000000000000000e+00 3.814697265625000000e-06 0.000000000000000000e+00 0.000000000000000000e+00 0.000000000000000000e+00 3.814697265625000000e-06 1.870143890380859375e+00
8.316583037376403809e-01 0.000000000000000000e+00 0.000000000000000000e+00 0.000000000000000000e+00 1.035734176635742188e+00 0.000000000000000000e+00 0.000000000000000000e+00 0.000000000000000000e+00 1.035734176635742188e+00 -2.085498046875000000e+01 0.000000000000000000e+00 0.000000000000000000e+00 0.000000000000000000e+00 1.144409179687500000e-05 0.000000000000000000e+00 0.000000000000000000e+00 0.000000000000000000e+00 1.144409179687500000e-05 1.709091186523437500e+00
8.391959667205810547e-01 0.000000000000000000e+00 0.000000000000000000e+00 0.000000000000000000e+00 1.034187674522399902e+00 0.000000000000000000e+00 0.000000000000000000e+00 0.000000000000000000e+00 1.034187674522399902e+00 -1.984041786193847656e+01 0.000000000000000000e+00 0.000000000000000000e+00 0.000000000000000000e+00 1.907348632812500000e-05 0.000000000000000000e+00 0.000000000000000000e+00 0.000000000000000000e+00 1.907348632812500000e-05 1.555725097656250000e+00
8.467336893081665039e-01 0.000000000000000000e+00 0.000000000000000000e+00 0.000000000000000000e+00 1.032634854316711426e+00 0.000000000000000000e+00 0.000000000000000000e+00 0.000000000000000000e+00 1.032634854316711426e+00 -1.883549308776855469e+01 0.000000000000000000e+00 0.000000000000000000e+00 0.000000000000000000e+00 -1.907348632812500000e-05 0.000000000000000000e+00 0.000000000000000000e+00 0.000000000000000000e+00 -1.907348632812500000e-05 1.409961700439453125e+00
8.542713522911071777e-01 0.000000000000000000e+00 0.000000000000000000e+00 0.000000000000000000e+00 1.031076192855834961e+00 0.000000000000000000e+00 0.000000000000000000e+00 0.000000000000000000e+00 1.031076192855834961e+00 -1.783984375000000000e+01 0.000000000000000000e+00 0.000000000000000000e+00 0.000000000000000000e+00 3.814697265625000000e-06 0.000000000000000000e+00 0.000000000000000000e+00 0.000000000000000000e+00 3.814697265625000000e-06 1.271743774414062500e+00
8.618090748786926270e-01 0.000000000000000000e+00 0.000000000000000000e+00 0.000000000000000000e+00 1.029511690139770508e+00 0.000000000000000000e+00 0.000000000000000000e+00 0.000000000000000000e+00 1.029511690139770508e+00 -1.685312652587890625e+01 0.000000000000000000e+00 0.000000000000000000e+00 0.000000000000000000e+00 2.288818359375000000e-05 0.000000000000000000e+00 0.000000000000000000e+00 0.000000000000000000e+00 2.288818359375000000e-05 1.141002655029296875e+00
8.693467378616333008e-01 0.000000000000000000e+00 0.000000000000000000e+00 0.000000000000000000e+00 1.027941465377807617e+00 0.000000000000000000e+00 0.000000000000000000e+00 0.000000000000000000e+00 1.027941465377807617e+00 -1.587507438659667969e+01 0.000000000000000000e+00 0.000000000000000000e+00 0.000000000000000000e+00 3.814697265625000000e-06 0.000000000000000000e+00 0.000000000000000000e+00 0.000000000000000000e+00 3.814697265625000000e-06 1.017654418945312500e+00
8.768844008445739746e-01 0.000000000000000000e+00 0.000000000000000000e+00 0.000000000000000000e+00 1.026365756988525391e+00 0.000000000000000000e+00 0.000000000000000000e+00 0.000000000000000000e+00 1.026365756988525391e+00 -1.490531921386718750e+01 0.000000000000000000e+00 0.000000000000000000e+00 0.000000000000000000e+00 -7.629394531250000000e-06 0.000000000000000000e+00 0.000000000000000000e+00 0.000000000000000000e+00 -7.629394531250000000e-06 9.016532897949218750e-01
8.844221234321594238e-01 0.000000000000000000e+00 0.000000000000000000e+00 0.000000000000000000e+00 1.024784803390502930e+00 0.000000000000000000e+00 0.000000000000000000e+00 0.000000000000000000e+00 1.024784803390502930e+00 -1.394354438781738281e+01 0.000000000000000000e+00 0.000000000000000000e+00 0.000000000000000000e+00 3.814697265625000000e-06 0.000000000000000000e+00 0.000000000000000000e+00 0.000000000000000000e+00 3.814697265625000000e-06 7.929382324218750000e-01
8.919597864151000977e-01 0.000000000000000000e+00 0.000000000000000000e+00 0.000000000000000000e+00 1.023198723793029785e+00 0.000000000000000000e+00 0.000000000000000000e+00 0.000000000000000000e+00 1.023198723793029785e+00 -1.298949623107910156e+01 0.000000000000000000e+00 0.000000000000000000e+00 0.000000000000000000e+00 1.907348632812500000e-05 0.000000000000000000e+00 0.000000000000000000e+00 0.000000000000000000e+00 1.907348632812500000e-05 6.914367675781250000e-01
8.994975090026855469e-01 0.000000000000000000e+00 0.000000000000000000e+00 0.000000000000000000e+00 1.021607637405395508e+00 0.000000000000000000e+00 0.000000000000000000e+00 0.000000000000000000e+00 1.021607637405395508e+00 -1.204283142089843750e+01 0.000000000000000000e+00 0.000000000000000000e+00 0.000000000000000000e+00 1.907348632812500000e-05 0.000000000000000000e+00 0.000000000000000000e+00 0.000000000000000000e+00 1.907348632812500000e-05 5.970993041992187500e-01
9.070351719856262207e-01 0.000000000000000000e+00 0.000000000000000000e+00 0.000000000000000000e+00 1.020011663436889648e+00 0.000000000000000000e+00 0.000000000000000000e+00 0.000000000000000000e+00 1.020011663436889648e+00 -1.110333442687988281e+01 0.000000000000000000e+00 0.000000000000000000e+00 0.000000000000000000e+00 -1.144409179687500000e-05 0.000000000000000000e+00 0.000000000000000000e+00 0.000000000000000000e+00 -1.144409179687500000e-05 5.098648071289062500e-01
9.145728349685668945e-01 0.000000000000000000e+00 0.000000000000000000e+00 0.000000000000000000e+00 1.018411159515380859e+00 0.000000000000000000e+00 0.000000000000000000e+00 0.000000000000000000e+00 1.018411159515380859e+00 -1.017068481445312500e+01 0.000000000000000000e+00 0.000000000000000000e+00 0.000000000000000000e+00 -1.525878906250000000e-05 0.000000000000000000e+00 0.000000000000000000e+00 0.000000000000000000e+00 -1.525878906250000000e-05 4.296875000000000000e-01
9.221105575561523438e-01 0.000000000000000000e+00 0.000000000000000000e+00 0.000000000000000000e+00 1.016806244850158691e+00 0.000000000000000000e+00 0.000000000000000000e+00 0.000000000000000000e+00 1.016806244850158691e+00 -9.244569778442382812e+00 0.000000000000000000e+00 0.000000000000000000e+00 0.000000000000000000e+00 3.814697265625000000e-06 0.000000000000000000e+00 0.000000000000000000e+00 0.000000000000000000e+00 3.814697265625000000e-06 3.565216064453125000e-01
9.296482205390930176e-01 0.000000000000000000e+00 0.000000000000000000e+00 0.000000000000000000e+00 1.015197038650512695e+00 0.000000000000000000e+00 0.000000000000000000e+00 0.000000000000000000e+00 1.015197038650512695e+00 -8.324798583984375000e+00 0.000000000000000000e+00 0.000000000000000000e+00 0.000000000000000000e+00 1.525878906250000000e-05 0.000000000000000000e+00 0.000000000000000000e+00 0.000000000000000000e+00 1.525878906250000000e-05 2.903060913085937500e-01
9.371859431266784668e-01 0.000000000000000000e+00 0.000000000000000000e+00 0.000000000000000000e+00 1.013583540916442871e+00 0.000000000000000000e+00 0.000000000000000000e+00 0.000000000000000000e+00 1.013583540916442871e+00 -7.411087036132812500e+00 0.000000000000000000e+00 0.000000000000000000e+00 0.000000000000000000e+00 -1.144409179687500000e-05 0.000000000000000000e+00 0.000000000000000000e+00 0.000000000000000000e+00 -1.144409179687500000e-05 2.310066223144531250e-01
9.447236061096191406e-01 0.000000000000000000e+00 0.000000000000000000e+00 0.000000000000000000e+00 1.011966228485107422e+00 0.000000000000000000e+00 0.000000000000000000e+00 0.000000000000000000e+00 1.011966228485107422e+00 -6.503181457519531250e+00 0.000000000000000000e+00 0.000000000000000000e+00 0.000000000000000000e+00 -1.144409179687500000e-05 0.000000000000000000e+00 0.000000000000000000e+00 0.000000000000000000e+00 -1.144409179687500000e-05 1.785659790039062500e-01
9.522613286972045898e-01 0.000000000000000000e+00 0.000000000000000000e+00 0.000000000000000000e+00 1.010345101356506348e+00 0.000000000000000000e+00 0.000000000000000000e+00 0.000000000000000000e+00 1.010345101356506348e+00 -5.600816726684570312e+00 0.000000000000000000e+00 0.000000000000000000e+00 0.000000000000000000e+00 1.144409179687500000e-05 0.000000000000000000e+00 0.000000000000000000e+00 0.000000000000000000e+00 1.144409179687500000e-05 1.329574584960937500e-01
9.597989916801452637e-01 0.000000000000000000e+00 0.000000000000000000e+00 0.000000000000000000e+00 1.008720278739929199e+00 0.000000000000000000e+00 0.000000000000000000e+00 0.000000000000000000e+00 1.008720278739929199e+00 -4.703788757324218750e+00 0.000000000000000000e+00 0.000000000000000000e+00 0.000000000000000000e+00 -1.525878906250000000e-05 0.000000000000000000e+00 0.000000000000000000e+00 0.000000000000000000e+00 -1.525878906250000000e-05 9.412002563476562500e-02
9.673366546630859375e-01 0.000000000000000000e+00 0.000000000000000000e+00 0.000000000000000000e+00 1.007092118263244629e+00 0.000000000000000000e+00 0.000000000000000000e+00 0.000000000000000000e+00 1.007092118263244629e+00 -3.811843872070312500e+00 0.000000000000000000e+00 0.000000000000000000e+00 0.000000000000000000e+00 1.907348632812500000e-05 0.000000000000000000e+00 0.000000000000000000e+00 0.000000000000000000e+00 1.907348632812500000e-05 6.203460693359375000e-02
9.748743772506713867e-01 0.000000000000000000e+00 0.000000000000000000e+00 0.000000000000000000e+00 1.005460500717163086e+00 0.000000000000000000e+00 0.000000000000000000e+00 0.000000000000000000e+00 1.005460500717163086e+00 -2.924747467041015625e+00 0.000000000000000000e+00 0.000000000000000000e+00 0.000000000000000000e+00 0.000000000000000000e+00 0.000000000000000000e+00 0.000000000000000000e+00 0.000000000000000000e+00 0.000000000000000000e+00 3.664398193359375000e-02
9.824120402336120605e-01 0.000000000000000000e+00 0.000000000000000000e+00 0.000000000000000000e+00 1.003825783729553223e+00 0.000000000000000000e+00 0.000000000000000000e+00 0.000000000000000000e+00 1.003825783729553223e+00 -2.042289733886718750e+00 0.000000000000000000e+00 0.000000000000000000e+00 0.000000000000000000e+00 3.814697265625000000e-06 0.000000000000000000e+00 0.000000000000000000e+00 0.000000000000000000e+00 3.814697265625000000e-06 1.792907714843750000e-02
9.899497628211975098e-01 0.000000000000000000e+00 0.000000000000000000e+00 0.000000000000000000e+00 1.002188086509704590e+00 0.000000000000000000e+00 0.000000000000000000e+00 0.000000000000000000e+00 1.002188086509704590e+00 -1.164234161376953125e+00 0.000000000000000000e+00 0.000000000000000000e+00 0.000000000000000000e+00 1.144409179687500000e-05 0.000000000000000000e+00 0.000000000000000000e+00 0.000000000000000000e+00 1.144409179687500000e-05 5.840301513671875000e-03
9.974874258041381836e-01 0.000000000000000000e+00 0.000000000000000000e+00 0.000000000000000000e+00 1.000547409057617188e+00 0.000000000000000000e+00 0.000000000000000000e+00 0.000000000000000000e+00 1.000547409057617188e+00 -2.903938293457031250e-01 0.000000000000000000e+00 0.000000000000000000e+00 0.000000000000000000e+00 -7.629394531250000000e-06 0.000000000000000000e+00 0.000000000000000000e+00 0.000000000000000000e+00 -7.629394531250000000e-06 3.662109375000000000e-04
1.005025148391723633e+00 0.000000000000000000e+00 0.000000000000000000e+00 0.000000000000000000e+00 9.989042282104492188e-01 0.000000000000000000e+00 0.000000000000000000e+00 0.000000000000000000e+00 9.989042282104492188e-01 5.794830322265625000e-01 0.000000000000000000e+00 0.000000000000000000e+00 0.000000000000000000e+00 1.144409179687500000e-05 0.000000000000000000e+00 0.000000000000000000e+00 0.000000000000000000e+00 1.144409179687500000e-05 1.449584960937500000e-03
1.012562870979309082e+00 0.000000000000000000e+00 0.000000000000000000e+00 0.000000000000000000e+00 9.972584247589111328e-01 0.000000000000000000e+00 0.000000000000000000e+00 0.000000000000000000e+00 9.972584247589111328e-01 1.445568084716796875e+00 0.000000000000000000e+00 0.000000000000000000e+00 0.000000000000000000e+00 1.144409179687500000e-05 0.000000000000000000e+00 0.000000000000000000e+00 0.000000000000000000e+00 1.144409179687500000e-05 9.090423583984375000e-03
1.020100474357604980e+00 0.000000000000000000e+00 0.000000000000000000e+00 0.000000000000000000e+00 9.956102371215820312e-01 0.000000000000000000e+00 0.000000000000000000e+00 0.000000000000000000e+00 9.956102371215820312e-01 2.308063507080078125e+00 0.000000000000000000e+00 0.000000000000000000e+00 0.000000000000000000e+00 7.629394531250000000e-06 0.000000000000000000e+00 0.000000000000000000e+00 0.000000000000000000e+00 7.629394531250000000e-06 2.323532104492187500e-02
1.027638196945190430e+00 0.000000000000000000e+00 0.000000000000000000e+00 0.000000000000000000e+00 9.939597845077514648e-01 0.000000000000000000e+00 0.000000000000000000e+00 0.000000000000000000e+00 9.939597845077514648e-01 3.167182922363281250e+00 0.000000000000000000e+00 0.000000000000000000e+00 0.000000000000000000e+00 -1.144409179687500000e-05 0.000000000000000000e+00 0.000000000000000000e+00 0.000000000000000000e+00 -1.144409179687500000e-05 4.387664794921875000e-02
1.035175919532775879e+00 0.000000000000000000e+00 0.000000000000000000e+00 0.000000000000000000e+00 9.923073053359985352e-01 0.000000000000000000e+00 0.000000000000000000e+00 0.000000000000000000e+00 9.923073053359985352e-01 4.023136138916015625e+00 0.000000000000000000e+00 0.000000000000000000e+00 0.000000000000000000e+00 1.144409179687500000e-05 0.000000000000000000e+00 0.000000000000000000e+00 0.000000000000000000e+00 1.144409179687500000e-05 7.098388671875000000e-02
1.042713522911071777e+00 0.000000000000000000e+00 0.000000000000000000e+00 0.000000000000000000e+00 9.906528592109680176e-01 0.000000000000000000e+00 0.000000000000000000e+00 0.000000000000000000e+00 9.906528592109680176e-01 4.876060485839843750e+00 0.000000000000000000e+00 0.000000000000000000e+00 0.000000000000000000e+00 0.000000000000000000e+00 0.000000000000000000e+00 0.000000000000000000e+00 0.000000000000000000e+00 0.000000000000000000e+00 1.045150756835937500e-01
1.050251245498657227e+00 0.000000000000000000e+00 0.000000000000000000e+00 0.000000000000000000e+00 9.889966249465942383e-01 0.000000000000000000e+00 0.000000000000000000e+00 0.000000000000000000e+00 9.889966249465942383e-01 5.726173400878906250e+00 0.000000000000000000e+00 0.000000000000000000e+00 0.000000000000000000e+00 -1.525878906250000000e-05 0.000000000000000000e+00 0.000000000000000000e+00 0.000000000000000000e+00 -1.525878906250000000e-05 1.444816589355468750e-01
1.057788968086242676e+00 0.000000000000000000e+00 0.000000000000000000e+00 0.000000000000000000e+00 9.873387217521667480e-01 0.000000000000000000e+00 0.000000000000000000e+00 0.000000000000000000e+00 9.873387217521667480e-01 6.573684692382812500e+00 0.000000000000000000e+00 0.000000000000000000e+00 0.000000000000000000e+00 -1.144409179687500000e-05 0.000000000000000000e+00 0.000000000000000000e+00 0.000000000000000000e+00 -1.144409179687500000e-05 1.908378601074218750e-01
1.065326690673828125e+00 0.000000000000000000e+00 0.000000000000000000e+00 0.000000000000000000e+00 9.856793284416198730e-01 0.000000000000000000e+00 0.000000000000000000e+00 0.000000000000000000e+00 9.856793284416198730e-01 7.418727874755859375e+00 0.000000000000000000e+00 0.000000000000000000e+00 0.000000000000000000e+00 -3.814697265625000000e-06 0.000000000000000000e+00 0.000000000000000000e+00 0.000000000000000000e+00 -3.814697265625000000e-06 2.435760498046875000e-01
1.072864294052124023e+00 0.000000000000000000e+00 0.000000000000000000e+00 0.000000000000000000e+00 9.840185642242431641e-01 0.000000000000000000e+00 0.000000000000000000e+00 0.000000000000000000e+00 9.840185642242431641e-01 8.261482238769531250e+00 0.000000000000000000e+00 0.000000000000000000e+00 0.000000000000000000e+00 -3.814697265625000000e-06 0.000000000000000000e+00 0.000000000000000000e+00 0.000000000000000000e+00 -3.814697265625000000e-06 3.026733398437500000e-01
1.080402016639709473e+00 0.000000000000000000e+00 0.000000000000000000e+00 0.000000000000000000e+00 9.823566079139709473e-01 0.000000000000000000e+00 0.000000000000000000e+00 0.000000000000000000e+00 9.823566079139709473e-01 9.102157592773437500e+00 0.000000000000000000e+00 0.000000000000000000e+00 0.000000000000000000e+00 1.144409179687500000e-05 0.000000000000000000e+00 0.000000000000000000e+00 0.000000000000000000e+00 1.144409179687500000e-05 3.681144714355468750e-01
1.087939739227294922e+00 0.000000000000000000e+00 0.000000000000000000e+00 0.000000000000000000e+00 9.806935191154479980e-01 0.000000000000000000e+00 0.000000000000000000e+00 0.000000000000000000e+00 9.806935191154479980e-01 9.940898895263671875e+00 0.000000000000000000e+00 0.000000000000000000e+00 0.000000000000000000e+00 1.907348632812500000e-05 0.000000000000000000e+00 0.000000000000000000e+00 0.000000000000000000e+00 1.907348632812500000e-05 4.398880004882812500e-01
1.095477342605590820e+00 0.000000000000000000e+00 0.000000000000000000e+00 0.000000000000000000e+00 9.790294170379638672e-01 0.000000000000000000e+00 0.000000000000000000e+00 0.000000000000000000e+00 9.790294170379638672e-01 1.077783584594726562e+01 0.000000000000000000e+00 0.000000000000000000e+00 0.000000000000000000e+00 -3.814697265625000000e-06 0.000000000000000000e+00 0.000000000000000000e+00 0.000000000000000000e+00 -3.814697265625000000e-06 5.179710388183593750e-01
1.103015065193176270e+00 0.000000000000000000e+00 0.000000000000000000e+00 0.000000000000000000e+00 9.773645401000976562e-01 0.000000000000000000e+00 0.000000000000000000e+00 0.000000000000000000e+00 9.773645401000976562e-01 1.161319732666015625e+01 0.000000000000000000e+00 0.000000000000000000e+00 0.000000000000000000e+00 0.000000000000000000e+00 0.000000000000000000e+00 0.000000000000000000e+00 0.000000000000000000e+00 0.000000000000000000e+00 6.023635864257812500e-01
1.110552787780761719e+00 0.000000000000000000e+00 0.000000000000000000e+00 0.000000000000000000e+00 9.756990075111389160e-01 0.000000000000000000e+00 0.000000000000000000e+00 0.000000000000000000e+00 9.756990075111389160e-01 1.244711303710937500e+01 0.000000000000000000e+00 0.000000000000000000e+00 0.000000000000000000e+00 3.814697265625000000e-06 0.000000000000000000e+00 0.000000000000000000e+00 0.000000000000000000e+00 3.814697265625000000e-06 6.930427551269531250e-01
1.118090510368347168e+00 0.000000000000000000e+00 0.000000000000000000e+00 0.000000000000000000e+00 9.740328192710876465e-01 0.000000000000000000e+00 0.000000000000000000e+00 0.000000000000000000e+00 9.740328192710876465e-01 1.327973937988281250e+01 0.000000000000000000e+00 0.000000000000000000e+00 0.000000000000000000e+00 -7.629394531250000000e-06 0.000000000000000000e+00 0.000000000000000000e+00 0.000000000000000000e+00 -7.629394531250000000e-06 7.900085449218750000e-01
1.125628113746643066e+00 0.000000000000000000e+00 0.000000000000000000e+00 0.000000000000000000e+00 9.723662734031677246e-01 0.000000000000000000e+00 0.000000000000000000e+00 0.000000000000000000e+00 9.723662734031677246e-01 1.411121368408203125e+01 0.000000000000000000e+00 0.000000000000000000e+00 0.000000000000000000e+00 0.000000000000000000e+00 0.000000000000000000e+00 0.000000000000000000e+00 0.000000000000000000e+00 0.000000000000000000e+00 8.932342529296875000e-01
1.133165836334228516e+00 0.000000000000000000e+00 0.000000000000000000e+00 0.000000000000000000e+00 9.706993699073791504e-01 0.000000000000000000e+00 0.000000000000000000e+00 0.000000000000000000e+00 9.706993699073791504e-01 1.494172668457031250e+01 0.000000000000000000e+00 0.000000000000000000e+00 0.000000000000000000e+00 3.814697265625000000e-06 0.000000000000000000e+00 0.000000000000000000e+00 0.000000000000000000e+00 3.814697265625000000e-06 1.002735137939453125e+00
1.140703558921813965e+00 0.000000000000000000e+00 0.000000000000000000e+00 0.000000000000000000e+00 9.690322875976562500e-01 0.000000000000000000e+00 0.000000000000000000e+00 0.000000000000000000e+00 9.690322875976562500e-01 1.577141189575195312e+01 0.000000000000000000e+00 0.000000000000000000e+00 0.000000000000000000e+00 1.144409179687500000e-05 0.000000000000000000e+00 0.000000000000000000e+00 0.000000000000000000e+00 1.144409179687500000e-05 1.118488311767578125e+00
1.148241162300109863e+00 0.000000000000000000e+00 0.000000000000000000e+00 0.000000000000000000e+00 9.673650860786437988e-01 0.000000000000000000e+00 0.000000000000000000e+00 0.000000000000000000e+00 9.673650860786437988e-01 1.660037994384765625e+01 0.000000000000000000e+00 0.000000000000000000e+00 0.000000000000000000e+00 -3.814697265625000000e-06 0.000000000000000000e+00 0.000000000000000000e+00 0.000000000000000000e+00 -3.814697265625000000e-06 1.240489959716796875e+00
1.155778884887695312e+00 0.000000000000000000e+00 0.000000000000000000e+00 0.000000000000000000e+00 9.656980037689208984e-01 0.000000000000000000e+00 0.000000000000000000e+00 0.000000000000000000e+00 9.656980037689208984e-01 1.742882919311523438e+01 0.000000000000000000e+00 0.000000000000000000e+00 0.000000000000000000e+00 7.629394531250000000e-06 0.000000000000000000e+00 0.000000000000000000e+00 0.000000000000000000e+00 7.629394531250000000e-06 1.368743896484375000e+00
1.163316607475280762e+00 0.000000000000000000e+00 0.000000000000000000e+00 0.000000000000000000e+00 9.640310406684875488e-01 0.000000000000000000e+00 0.000000000000000000e+00 0.000000000000000000e+00 9.640310406684875488e-01 1.825688552856445312e+01 0.000000000000000000e+00 0.000000000000000000e+00 0.000000000000000000e+00 7.629394531250000000e-06 0.000000000000000000e+00 0.000000000000000000e+00 0.000000000000000000e+00 7.629394531250000000e-06 1.503242492675781250e+00
1.170854330062866211e+00 0.000000000000000000e+00 0.000000000000000000e+00 0.000000000000000000e+00 9.623643755912780762e-01 0.000000000000000000e+00 0.000000000000000000e+00 0.000000000000000000e+00 9.623643755912780762e-01 1.908466339111328125e+01 0.000000000000000000e+00 0.000000000000000000e+00 0.000000000000000000e+00 0.000000000000000000e+00 0.000000000000000000e+00 0.000000000000000000e+00 0.000000000000000000e+00 0.000000000000000000e+00 1.643974304199218750e+00
1.178391933441162109e+00 0.000000000000000000e+00 0.000000000000000000e+00 0.000000000000000000e+00 9.606981277465820312e-01 0.000000000000000000e+00 0.000000000000000000e+00 0.000000000000000000e+00 9.606981277465820312e-01 1.991230773925781250e+01 0.000000000000000000e+00 0.000000000000000000e+00 0.000000000000000000e+00 0.000000000000000000e+00 0.000000000000000000e+00 0.000000000000000000e+00 0.000000000000000000e+00 0.000000000000000000e+00 1.790950775146484375e+00
1.185929656028747559e+00 0.000000000000000000e+00 0.000000000000000000e+00 0.000000000000000000e+00 9.590323567390441895e-01 0.000000000000000000e+00 0.000000000000000000e+00 0.000000000000000000e+00 9.590323567390441895e-01 2.073997879028320312e+01 0.000000000000000000e+00 0.000000000000000000e+00 0.000000000000000000e+00 -3.814697265625000000e-06 0.000000000000000000e+00 0.000000000000000000e+00 0.000000000000000000e+00 -3.814697265625000000e-06 1.944160461425781250e+00
1.193467378616333008e+00 0.000000000000000000e+00 0.000000000000000000e+00 0.000000000000000000e+00 9.573672413825988770e-01 0.000000000000000000e+00 0.000000000000000000e+00 0.000000000000000000e+00 9.573672413825988770e-01 2.156779479980468750e+01 0.000000000000000000e+00 0.000000000000000000e+00 0.000000000000000000e+00 0.000000000000000000e+00 0.000000000000000000e+00 0.000000000000000000e+00 0.000000000000000000e+00 0.000000000000000000e+00 2.103607177734375000e+00
1.201004981994628906e+00 0.000000000000000000e+00 0.000000000000000000e+00 0.000000000000000000e+00 9.557028412818908691e-01 0.000000000000000000e+00 0.000000000000000000e+00 0.000000000000000000e+00 9.557028412818908691e-01 2.239587020874023438e+01 0.000000000000000000e+00 0.000000000000000000e+00 0.000000000000000000e+00 -3.814697265625000000e-06 0.000000000000000000e+00 0.000000000000000000e+00 0.000000000000000000e+00 -3.814697265625000000e-06 2.269298553466796875e+00
1.208542704582214355e+00 0.000000000000000000e+00 0.000000000000000000e+00 0.000000000000000000e+00 9.540392756462097168e-01 0.000000000000000000e+00 0.000000000000000000e+00 0.000000000000000000e+00 9.540392756462097168e-01 2.322435760498046875e+01 0.000000000000000000e+00 0.000000000000000000e+00 0.000000000000000000e+00 7.629394531250000000e-06 0.000000000000000000e+00 0.000000000000000000e+00 0.000000000000000000e+00 7.629394531250000000e-06 2.441230773925781250e+00
1.216080427169799805e+00 0.000000000000000000e+00 0.000000000000000000e+00 0.000000000000000000e+00 9.523766040802001953e-01 0.000000000000000000e+00 0.000000000000000000e+00 0.000000000000000000e+00 9.523766040802001953e-01 2.405338287353515625e+01 0.000000000000000000e+00 0.000000000000000000e+00 0.000000000000000000e+00 -3.814697265625000000e-06 0.000000000000000000e+00 0.000000000000000000e+00 0.000000000000000000e+00 -3.814697265625000000e-06 2.619415283203125000e+00
1.223618149757385254e+00 0.000000000000000000e+00 0.000000000000000000e+00 0.000000000000000000e+00 9.507150053977966309e-01 0.000000000000000000e+00 0.000000000000000000e+00 0.000000000000000000e+00 9.507150053977966309e-01 2.488304519653320312e+01 0.000000000000000000e+00 0.000000000000000000e+00 0.000000000000000000e+00 -3.814697265625000000e-06 0.000000000000000000e+00 0.000000000000000000e+00 0.000000000000000000e+00 -3.814697265625000000e-06 2.803855895996093750e+00
1.231155753135681152e+00 0.000000000000000000e+00 0.000000000000000000e+00 0.000000000000000000e+00 9.490545392036437988e-01 0.000000000000000000e+00 0.000000000000000000e+00 0.000000000000000000e+00 9.490545392036437988e-01 2.571347045898437500e+01 0.000000000000000000e+00 0.000000000000000000e+00 0.000000000000000000e+00 -1.144409179687500000e-05 0.000000000000000000e+00 0.000000000000000000e+00 0.000000000000000000e+00 -1.144409179687500000e-05 2.994533538818359375e+00
1.238693475723266602e+00 0.000000000000000000e+00 0.000000000000000000e+00 0.000000000000000000e+00 9.473953247070312500e-01 0.000000000000000000e+00 0.000000000000000000e+00 0.000000000000000000e+00 9.473953247070312500e-01 2.654483032226562500e+01 0.000000000000000000e+00 0.000000000000000000e+00 0.000000000000000000e+00 7.629394531250000000e-06 0.000000000000000000e+00 0.000000000000000000e+00 0.000000000000000000e+00 7.629394531250000000e-06 3.191497802734375000e+00
1.246231198310852051e+00 0.000000000000000000e+00 0.000000000000000000e+00 0.000000000000000000e+00 9.457374215126037598e-01 0.000000000000000000e+00 0.000000000000000000e+00 0.000000000000000000e+00 9.457374215126037598e-01 2.737717819213867188e+01 0.000000000000000000e+00 0.000000000000000000e+00 0.000000000000000000e+00 3.814697265625000000e-06 0.000000000000000000e+00 0.000000000000000000e+00 0.000000000000000000e+00 3.814697265625000000e-06 3.394714355468750000e+00
1.253768801689147949e+00 0.000000000000000000e+00 0.000000000000000000e+00 0.000000000000000000e+00 9.440809488296508789e-01 0.000000000000000000e+00 0.000000000000000000e+00 0.000000000000000000e+00 9.440809488296508789e-01 2.821065139770507812e+01 0.000000000000000000e+00 0.000000000000000000e+00 0.000000000000000000e+00 -1.144409179687500000e-05 0.000000000000000000e+00 0.000000000000000000e+00 0.000000000000000000e+00 -1.144409179687500000e-05 3.604217529296875000e+00
1.261306524276733398e+00 0.000000000000000000e+00 0.000000000000000000e+00 0.000000000000000000e+00 9.424260258674621582e-01 0.000000000000000000e+00 0.000000000000000000e+00 0.000000000000000000e+00 9.424260258674621582e-01 2.904537963867187500e+01 0.000000000000000000e+00 0.000000000000000000e+00 0.000000000000000000e+00 3.814697265625000000e-06 0.000000000000000000e+00 0.000000000000000000e+00 0.000000000000000000e+00 3.814697265625000000e-06 3.820003509521484375e+00
1.268844246864318848e+00 0.000000000000000000e+00 0.000000000000000000e+00 0.000000000000000000e+00 9.407727122306823730e-01 0.000000000000000000e+00 0.000000000000000000e+00 0.000000000000000000e+00 9.407727122306823730e-01 2.988148498535156250e+01 0.000000000000000000e+00 0.000000000000000000e+00 0.000000000000000000e+00 7.629394531250000000e-06 0.000000000000000000e+00 0.000000000000000000e+00 0.000000000000000000e+00 7.629394531250000000e-06 4.042091369628906250e+00
1.276381850242614746e+00 0.000000000000000000e+00 0.000000000000000000e+00 0.000000000000000000e+00 9.391210675239562988e-01 0.000000000000000000e+00 0.000000000000000000e+00 0.000000000000000000e+00 9.391210675239562988e-01 3.071903610229492188e+01 0.000000000000000000e+00 0.000000000000000000e+00 0.000000000000000000e+00 3.814697265625000000e-06 0.000000000000000000e+00 0.000000000000000000e+00 0.000000000000000000e+00 3.814697265625000000e-06 4.270477294921875000e+00
1.283919572830200195e+00 0.000000000000000000e+00 0.000000000000000000e+00 0.000000000000000000e+00 9.374712109565734863e-01 0.000000000000000000e+00 0.000000000000000000e+00 0.000000000000000000e+00 9.374712109565734863e-01 3.155817794799804688e+01 0.000000000000000000e+00 0.000000000000000000e+00 0.000000000000000000e+00 -3.814697265625000000e-06 0.000000000000000000e+00 0.000000000000000000e+00 0.000000000000000000e+00 -3.814697265625000000e-06 4.505191802978515625e+00
1.291457295417785645e+00 0.000000000000000000e+00 0.000000000000000000e+00 0.000000000000000000e+00 9.358232021331787109e-01 0.000000000000000000e+00 0.000000000000000000e+00 0.000000000000000000e+00 9.358232021331787109e-01 3.239902114868164062e+01 0.000000000000000000e+00 0.000000000000000000e+00 0.000000000000000000e+00 0.000000000000000000e+00 0.000000000000000000e+00 0.000000000000000000e+00 0.000000000000000000e+00 0.000000000000000000e+00 4.746238708496093750e+00
1.298995018005371094e+00 0.000000000000000000e+00 0.000000000000000000e+00 0.000000000000000000e+00 9.341771602630615234e-01 0.000000000000000000e+00 0.000000000000000000e+00 0.000000000000000000e+00 9.341771602630615234e-01 3.324166488647460938e+01 0.000000000000000000e+00 0.000000000000000000e+00 0.000000000000000000e+00 -7.629394531250000000e-06 0.000000000000000000e+00 0.000000000000000000e+00 0.000000000000000000e+00 -7.629394531250000000e-06 4.993633270263671875e+00
1.306532621383666992e+00 0.000000000000000000e+00 0.000000000000000000e+00 0.000000000000000000e+00 9.325332045555114746e-01 0.000000000000000000e+00 0.000000000000000000e+00 0.000000000000000000e+00 9.325332045555114746e-01 3.408620071411132812e+01 0.000000000000000000e+00 0.000000000000000000e+00 0.000000000000000000e+00 7.629394531250000000e-06 0.000000000000000000e+00 0.000000000000000000e+00 0.000000000000000000e+00 7.629394531250000000e-06 5.247367858886718750e+00
1.314070343971252441e+00 0.000000000000000000e+00 0.000000000000000000e+00 0.000000000000000000e+00 9.308913350105285645e-01 0.000000000000000000e+00 0.000000000000000000e+00 0.000000000000000000e+00 9.308913350105285645e-01 3.493274307250976562e+01 0.000000000000000000e+00 0.000000000000000000e+00 0.000000000000000000e+00 0.000000000000000000e+00 0.000000000000000000e+00 0.000000000000000000e+00 0.000000000000000000e+00 0.000000000000000000e+00 5.507495880126953125e+00
1.321608066558837891e+00 0.000000000000000000e+00 0.000000000000000000e+00 0.000000000000000000e+00 9.292516112327575684e-01 0.000000000000000000e+00 0.000000000000000000e+00 0.000000000000000000e+00 9.292516112327575684e-01 3.578141021728515625e+01 0.000000000000000000e+00 0.000000000000000000e+00 0.000000000000000000e+00 7.629394531250000000e-06 0.000000000000000000e+00 0.000000000000000000e+00 0.000000000000000000e+00 7.629394531250000000e-06 5.774005889892578125e+00
1.329145669937133789e+00 0.000000000000000000e+00 0.000000000000000000e+00 0.000000000000000000e+00 9.276142120361328125e-01 0.000000000000000000e+00 0.000000000000000000e+00 0.000000000000000000e+00 9.276142120361328125e-01 3.663227081298828125e+01 0.000000000000000000e+00 0.000000000000000000e+00 0.000000000000000000e+00 0.000000000000000000e+00 0.000000000000000000e+00 0.000000000000000000e+00 0.000000000000000000e+00 0.000000000000000000e+00 6.046920776367187500e+00
1.336683392524719238e+00 0.000000000000000000e+00 0.000000000000000000e+00 0.000000000000000000e+00 9.259790778160095215e-01 0.000000000000000000e+00 0.000000000000000000e+00 0.000000000000000000e+00 9.259790778160095215e-01 3.748545837402343750e+01 0.000000000000000000e+00 0.000000000000000000e+00 0.000000000000000000e+00 -7.629394531250000000e-06 0.000000000000000000e+00 0.000000000000000000e+00 0.000000000000000000e+00 -7.629394531250000000e-06 6.326255798339843750e+00
1.344221115112304688e+00 0.000000000000000000e+00 0.000000000000000000e+00 0.000000000000000000e+00 9.243463873863220215e-01 0.000000000000000000e+00 0.000000000000000000e+00 0.000000000000000000e+00 9.243463873863220215e-01 3.834105682373046875e+01 0.000000000000000000e+00 0.000000000000000000e+00 0.000000000000000000e+00 -7.629394531250000000e-06 0.000000000000000000e+00 0.000000000000000000e+00 0.000000000000000000e+00 -7.629394531250000000e-06 6.612030029296875000e+00
1.351758837699890137e+00 0.000000000000000000e+00 0.000000000000000000e+00 0.000000000000000000e+00 9.227162003517150879e-01 0.000000000000000000e+00 0.000000000000000000e+00 0.000000000000000000e+00 9.227162003517150879e-01 3.919915771484375000e+01 0.000000000000000000e+00 0.000000000000000000e+00 0.000000000000000000e+00 0.000000000000000000e+00 0.000000000000000000e+00 0.000000000000000000e+00 0.000000000000000000e+00 0.000000000000000000e+00 6.904266357421875000e+00
1.359296441078186035e+00 0.000000000000000000e+00 0.000000000000000000e+00 0.000000000000000000e+00 9.210885763168334961e-01 0.000000000000000000e+00 0.000000000000000000e+00 0.000000000000000000e+00 9.210885763168334961e-01 4.005985641479492188e+01 0.000000000000000000e+00 0.000000000000000000e+00 0.000000000000000000e+00 -3.814697265625000000e-06 0.000000000000000000e+00 0.000000000000000000e+00 0.000000000000000000e+00 -3.814697265625000000e-06 7.202972412109375000e+00
1.366834163665771484e+00 0.000000000000000000e+00 0.000000000000000000e+00 0.000000000000000000e+00 9.194635152816772461e-01 0.000000000000000000e+00 0.000000000000000000e+00 0.000000000000000000e+00 9.194635152816772461e-01 4.092326354980468750e+01 0.000000000000000000e+00 0.000000000000000000e+00 0.000000000000000000e+00 -7.629394531250000000e-06 0.000000000000000000e+00 0.000000000000000000e+00 0.000000000000000000e+00 -7.629394531250000000e-06 7.508193969726562500e+00
1.374371886253356934e+00 0.000000000000000000e+00 0.000000000000000000e+00 0.000000000000000000e+00 9.178411960601806641e-01 0.000000000000000000e+00 0.000000000000000000e+00 0.000000000000000000e+00 9.178411960601806641e-01 4.178944396972656250e+01 0.000000000000000000e+00 0.000000000000000000e+00 0.000000000000000000e+00 -3.814697265625000000e-06 0.000000000000000000e+00 0.000000000000000000e+00 0.000000000000000000e+00 -3.814697265625000000e-06 7.819923400878906250e+00
1.381909489631652832e+00 0.000000000000000000e+00 0.000000000000000000e+00 0.000000000000000000e+00 9.162215590476989746e-01 0.000000000000000000e+00 0.000000000000000000e+00 0.000000000000000000e+00 9.162215590476989746e-01 4.265851593017578125e+01 0.000000000000000000e+00 0.000000000000000000e+00 0.000000000000000000e+00 -3.814697265625000000e-06 0.000000000000000000e+00 0.000000000000000000e+00 0.000000000000000000e+00 -3.814697265625000000e-06 8.138187408447265625e+00
1.389447212219238281e+00 0.000000000000000000e+00 0.000000000000000000e+00 0.000000000000000000e+00 9.146047830581665039e-01 0.000000000000000000e+00 0.000000000000000000e+00 0.000000000000000000e+00 9.146047830581665039e-01 4.353057479858398438e+01 0.000000000000000000e+00 0.000000000000000000e+00 0.000000000000000000e+00 7.629394531250000000e-06 0.000000000000000000e+00 0.000000000000000000e+00 0.000000000000000000e+00 7.629394531250000000e-06 8.463020324707031250e+00
1.396984934806823730e+00 0.000000000000000000e+00 0.000000000000000000e+00 0.000000000000000000e+00 9.129908680915832520e-01 0.000000000000000000e+00 0.000000000000000000e+00 0.000000000000000000e+00 9.129908680915832520e-01 4.440568161010742188e+01 0.000000000000000000e+00 0.000000000000000000e+00 0.000000000000000000e+00 7.629394531250000000e-06 0.000000000000000000e+00 0.000000000000000000e+00 0.000000000000000000e+00 7.629394531250000000e-06 8.794433593750000000e+00
1.404522657394409180e+00 0.000000000000000000e+00 0.000000000000000000e+00 0.000000000000000000e+00 9.113798141479492188e-01 0.000000000000000000e+00 0.000000000000000000e+00 0.000000000000000000e+00 9.113798141479492188e-01 4.528395080566406250e+01 0.000000000000000000e+00 0.000000000000000000e+00 0.000000000000000000e+00 -3.814697265625000000e-06 0.000000000000000000e+00 0.000000000000000000e+00 0.000000000000000000e+00 -3.814697265625000000e-06 9.132461547851562500e+00
1.412060260772705078e+00 0.000000000000000000e+00 0.000000000000000000e+00 0.000000000000000000e+00 9.097718000411987305e-01 0.000000000000000000e+00 0.000000000000000000e+00 0.000000000000000000e+00 9.097718000411987305e-01 4.616545104980468750e+01 0.000000000000000000e+00 0.000000000000000000e+00 0.000000000000000000e+00 -3.814697265625000000e-06 0.000000000000000000e+00 0.000000000000000000e+00 0.000000000000000000e+00 -3.814697265625000000e-06 9.477111816406250000e+00
1.419597983360290527e+00 0.000000000000000000e+00 0.000000000000000000e+00 0.000000000000000000e+00 9.081667661666870117e-01 0.000000000000000000e+00 0.000000000000000000e+00 0.000000000000000000e+00 9.081667661666870117e-01 4.705028152465820312e+01 0.000000000000000000e+00 0.000000000000000000e+00 0.000000000000000000e+00 -3.814697265625000000e-06 0.000000000000000000e+00 0.000000000000000000e+00 0.000000000000000000e+00 -3.814697265625000000e-06 9.828430175781250000e+00
1.427135705947875977e+00 0.000000000000000000e+00 0.000000000000000000e+00 0.000000000000000000e+00 9.065648913383483887e-01 0.000000000000000000e+00 0.000000000000000000e+00 0.000000000000000000e+00 9.065648913383483887e-01 4.793853378295898438e+01 0.000000000000000000e+00 0.000000000000000000e+00 0.000000000000000000e+00 0.000000000000000000e+00 0.000000000000000000e+00 0.000000000000000000e+00 0.000000000000000000e+00 0.000000000000000000e+00 1.018642425537109375e+01
1.434673309326171875e+00 0.000000000000000000e+00 0.000000000000000000e+00 0.000000000000000000e+00 9.049661159515380859e-01 0.000000000000000000e+00 0.000000000000000000e+00 0.000000000000000000e+00 9.049661159515380859e-01 4.883026123046875000e+01 0.000000000000000000e+00 0.000000000000000000e+00 0.000000000000000000e+00 -1.144409179687500000e-05 0.000000000000000000e+00 0.000000000000000000e+00 0.000000000000000000e+00 -1.144409179687500000e-05 1.055112457275390625e+01
1.442211031913757324e+00 0.000000000000000000e+00 0.000000000000000000e+00 0.000000000000000000e+00 9.033704996109008789e-01 0.000000000000000000e+00 0.000000000000000000e+00 0.000000000000000000e+00 9.033704996109008789e-01 4.972557449340820312e+01 0.000000000000000000e+00 0.000000000000000000e+00 0.000000000000000000e+00 -7.629394531250000000e-06 0.000000000000000000e+00 0.000000000000000000e+00 0.000000000000000000e+00 -7.629394531250000000e-06 1.092257308959960938e+01
1.449748754501342773e+00 0.000000000000000000e+00 0.000000000000000000e+00 0.000000000000000000e+00 9.017781615257263184e-01 0.000000000000000000e+00 0.000000000000000000e+00 0.000000000000000000e+00 9.017781615257263184e-01 5.062456512451171875e+01 0.000000000000000000e+00 0.000000000000000000e+00 0.000000000000000000e+00 -7.629394531250000000e-06 0.000000000000000000e+00 0.000000000000000000e+00 0.000000000000000000e+00 -7.629394531250000000e-06 1.130077362060546875e+01
1.457286477088928223e+00 0.000000000000000000e+00 0.000000000000000000e+00 0.000000000000000000e+00 9.001891016960144043e-01 0.000000000000000000e+00 0.000000000000000000e+00 0.000000000000000000e+00 9.001891016960144043e-01 5.152727890014648438e+01 0.000000000000000000e+00 0.000000000000000000e+00 0.000000000000000000e+00 0.000000000000000000e+00 0.000000000000000000e+00 0.000000000000000000e+00 0.000000000000000000e+00 0.000000000000000000e+00 1.168577575683593750e+01
1.464824080467224121e+00 0.000000000000000000e+00 0.000000000000000000e+00 0.000000000000000000e+00 8.986033797264099121e-01 0.000000000000000000e+00 0.000000000000000000e+00 0.000000000000000000e+00 8.986033797264099121e-01 5.243379974365234375e+01 0.000000000000000000e+00 0.000000000000000000e+00 0.000000000000000000e+00 -1.907348632812500000e-05 0.000000000000000000e+00 0.000000000000000000e+00 0.000000000000000000e+00 -1.907348632812500000e-05 1.207756805419921875e+01
1.472361803054809570e+00 0.000000000000000000e+00 0.000000000000000000e+00 0.000000000000000000e+00 8.970210552215576172e-01 0.000000000000000000e+00 0.000000000000000000e+00 0.000000000000000000e+00 8.970210552215576172e-01 5.334426879882812500e+01 0.000000000000000000e+00 0.000000000000000000e+00 0.000000000000000000e+00 7.629394531250000000e-06 0.000000000000000000e+00 0.000000000000000000e+00 0.000000000000000000e+00 7.629394531250000000e-06 1.247623443603515625e+01
1.479899525642395020e+00 0.000000000000000000e+00 0.000000000000000000e+00 0.000000000000000000e+00 8.954421281814575195e-01 0.000000000000000000e+00 0.000000000000000000e+00 0.000000000000000000e+00 8.954421281814575195e-01 5.425868225097656250e+01 0.000000000000000000e+00 0.000000000000000000e+00 0.000000000000000000e+00 0.000000000000000000e+00 0.000000000000000000e+00 0.000000000000000000e+00 0.000000000000000000e+00 0.000000000000000000e+00 1.288177108764648438e+01
1.487437129020690918e+00 0.000000000000000000e+00 0.000000000000000000e+00 0.000000000000000000e+00 8.938666582107543945e-01 0.000000000000000000e+00 0.000000000000000000e+00 0.000000000000000000e+00 8.938666582107543945e-01 5.517715072631835938e+01 0.000000000000000000e+00 0.000000000000000000e+00 0.000000000000000000e+00 -3.814697265625000000e-06 0.000000000000000000e+00 0.000000000000000000e+00 0.000000000000000000e+00 -3.814697265625000000e-06 1.329421234130859375e+01
1.494974851608276367e+00 0.000000000000000000e+00 0.000000000000000000e+00 0.000000000000000000e+00 8.922946453094482422e-01 0.000000000000000000e+00 0.000000000000000000e+00 0.000000000000000000e+00 8.922946453094482422e-01 5.609976196289062500e+01 0.000000000000000000e+00 0.000000000000000000e+00 0.000000000000000000e+00 -1.144409179687500000e-05 0.000000000000000000e+00 0.000000000000000000e+00 0.000000000000000000e+00 -1.144409179687500000e-05 1.371360015869140625e+01
1.502512574195861816e+00 0.000000000000000000e+00 0.000000000000000000e+00 0.000000000000000000e+00 8.907262086868286133e-01 0.000000000000000000e+00 0.000000000000000000e+00 0.000000000000000000e+00 8.907262086868286133e-01 5.702659606933593750e+01 0.000000000000000000e+00 0.000000000000000000e+00 0.000000000000000000e+00 3.814697265625000000e-06 0.000000000000000000e+00 0.000000000000000000e+00 0.000000000000000000e+00 3.814697265625000000e-06 1.413995361328125000e+01
1.510050296783447266e+00 0.000000000000000000e+00 0.000000000000000000e+00 0.000000000000000000e+00 8.891613483428955078e-01 0.000000000000000000e+00 0.000000000000000000e+00 0.000000000000000000e+00 8.891613483428955078e-01 5.795769882202148438e+01 0.000000000000000000e+00 0.000000000000000000e+00 0.000000000000000000e+00 3.814697265625000000e-06 0.000000000000000000e+00 0.000000000000000000e+00 0.000000000000000000e+00 3.814697265625000000e-06 1.457331085205078125e+01
1.517587900161743164e+00 0.000000000000000000e+00 0.000000000000000000e+00 0.000000000000000000e+00 8.876001238822937012e-01 0.000000000000000000e+00 0.000000000000000000e+00 0.000000000000000000e+00 8.876001238822937012e-01 5.889315414428710938e+01 0.000000000000000000e+00 0.000000000000000000e+00 0.000000000000000000e+00 1.525878906250000000e-05 0.000000000000000000e+00 0.000000000000000000e+00 0.000000000000000000e+00 1.525878906250000000e-05 1.501369476318359375e+01
1.525125622749328613e+00 0.000000000000000000e+00 0.000000000000000000e+00 0.000000000000000000e+00 8.860424757003784180e-01 0.000000000000000000e+00 0.000000000000000000e+00 0.000000000000000000e+00 8.860424757003784180e-01 5.983304214477539062e+01 0.000000000000000000e+00 0.000000000000000000e+00 0.000000000000000000e+00 -7.629394531250000000e-06 0.000000000000000000e+00 0.000000000000000000e+00 0.000000000000000000e+00 -7.629394531250000000e-06 1.546115112304687500e+01
1.532663345336914062e+00 0.000000000000000000e+00 0.000000000000000000e+00 0.000000000000000000e+00 8.844885826110839844e-01 0.000000000000000000e+00 0.000000000000000000e+00 0.000000000000000000e+00 8.844885826110839844e-01 6.077745056152343750e+01 0.000000000000000000e+00 0.000000000000000000e+00 0.000000000000000000e+00 0.000000000000000000e+00 0.000000000000000000e+00 0.000000000000000000e+00 0.000000000000000000e+00 0.000000000000000000e+00 1.591571807861328125e+01
1.540200948715209961e+00 0.000000000000000000e+00 0.000000000000000000e+00 0.000000000000000000e+00 8.829383850097656250e-01 0.000000000000000000e+00 0.000000000000000000e+00 0.000000000000000000e+00 8.829383850097656250e-01 6.172640991210937500e+01 0.000000000000000000e+00 0.000000000000000000e+00 0.000000000000000000e+00 0.000000000000000000e+00 0.000000000000000000e+00 0.000000000000000000e+00 0.000000000000000000e+00 0.000000000000000000e+00 1.637739944458007812e+01
1.547738671302795410e+00 0.000000000000000000e+00 0.000000000000000000e+00 0.000000000000000000e+00 8.813918828964233398e-01 0.000000000000000000e+00 0.000000000000000000e+00 0.000000000000000000e+00 8.813918828964233398e-01 6.268002319335937500e+01 0.000000000000000000e+00 0.000000000000000000e+00 0.000000000000000000e+00 3.814697265625000000e-06 0.000000000000000000e+00 0.000000000000000000e+00 0.000000000000000000e+00 3.814697265625000000e-06 1.684626770019531250e+01
1.555276393890380859e+00 0.000000000000000000e+00 0.000000000000000000e+00 0.000000000000000000e+00 8.798491954803466797e-01 0.000000000000000000e+00 0.000000000000000000e+00 0.000000000000000000e+00 8.798491954803466797e-01 6.363837432861328125e+01 0.000000000000000000e+00 0.000000000000000000e+00 0.000000000000000000e+00 1.144409179687500000e-05 0.000000000000000000e+00 0.000000000000000000e+00 0.000000000000000000e+00 1.144409179687500000e-05 1.732234954833984375e+01
1.562814116477966309e+00 0.000000000000000000e+00 0.000000000000000000e+00 0.000000000000000000e+00 8.783102631568908691e-01 0.000000000000000000e+00 0.000000000000000000e+00 0.000000000000000000e+00 8.783102631568908691e-01 6.460148620605468750e+01 0.000000000000000000e+00 0.000000000000000000e+00 0.000000000000000000e+00 -7.629394531250000000e-06 0.000000000000000000e+00 0.000000000000000000e+00 0.000000000000000000e+00 -7.629394531250000000e-06 1.780566406250000000e+01
1.570351719856262207e+00 0.000000000000000000e+00 0.000000000000000000e+00 0.000000000000000000e+00 8.767752051353454590e-01 0.000000000000000000e+00 0.000000000000000000e+00 0.000000000000000000e+00 8.767752051353454590e-01 6.556944274902343750e+01 0.000000000000000000e+00 0.000000000000000000e+00 0.000000000000000000e+00 -3.814697265625000000e-06 0.000000000000000000e+00 0.000000000000000000e+00 0.000000000000000000e+00 -3.814697265625000000e-06 1.829624557495117188e+01
1.577889442443847656e+00 0.000000000000000000e+00 0.000000000000000000e+00 0.000000000000000000e+00 8.752440214157104492e-01 0.000000000000000000e+00 0.000000000000000000e+00 0.000000000000000000e+00 8.752440214157104492e-01 6.654234313964843750e+01 0.000000000000000000e+00 0.000000000000000000e+00 0.000000000000000000e+00 -7.629394531250000000e-06 0.000000000000000000e+00 0.000000000000000000e+00 0.000000000000000000e+00 -7.629394531250000000e-06 1.879415130615234375e+01
1.585427165031433105e+00 0.000000000000000000e+00 0.000000000000000000e+00 0.000000000000000000e+00 8.737166523933410645e-01 0.000000000000000000e+00 0.000000000000000000e+00 0.000000000000000000e+00 8.737166523933410645e-01 6.752022552490234375e+01 0.000000000000000000e+00 0.000000000000000000e+00 0.000000000000000000e+00 0.000000000000000000e+00 0.000000000000000000e+00 0.000000000000000000e+00 0.000000000000000000e+00 0.000000000000000000e+00 1.929941558837890625e+01
1.592964768409729004e+00 0.000000000000000000e+00 0.000000000000000000e+00 0.000000000000000000e+00 8.721932172775268555e-01 0.000000000000000000e+00 0.000000000000000000e+00 0.000000000000000000e+00 8.721932172775268555e-01 6.850315093994140625e+01 0.000000000000000000e+00 0.000000000000000000e+00 0.000000000000000000e+00 -1.525878906250000000e-05 0.000000000000000000e+00 0.000000000000000000e+00 0.000000000000000000e+00 -1.525878906250000000e-05 1.981206512451171875e+01
1.600502490997314453e+00 0.000000000000000000e+00 0.000000000000000000e+00 0.000000000000000000e+00 8.706737160682678223e-01 0.000000000000000000e+00 0.000000000000000000e+00 0.000000000000000000e+00 8.706737160682678223e-01 6.949120330810546875e+01 0.000000000000000000e+00 0.000000000000000000e+00 0.000000000000000000e+00 0.000000000000000000e+00 0.000000000000000000e+00 0.000000000000000000e+00 0.000000000000000000e+00 0.000000000000000000e+00 2.033213806152343750e+01
1.608040213584899902e+00 0.000000000000000000e+00 0.000000000000000000e+00 0.000000000000000000e+00 8.691581487655639648e-01 0.000000000000000000e+00 0.000000000000000000e+00 0.000000000000000000e+00 8.691581487655639648e-01 7.048445129394531250e+01 0.000000000000000000e+00 0.000000000000000000e+00 0.000000000000000000e+00 -7.629394531250000000e-06 0.000000000000000000e+00 0.000000000000000000e+00 0.000000000000000000e+00 -7.629394531250000000e-06 2.085968017578125000e+01
1.615577936172485352e+00 0.000000000000000000e+00 0.000000000000000000e+00 0.000000000000000000e+00 8.676465749740600586e-01 0.000000000000000000e+00 0.000000000000000000e+00 0.000000000000000000e+00 8.676465749740600586e-01 7.148297119140625000e+01 0.000000000000000000e+00 0.000000000000000000e+00 0.000000000000000000e+00 7.629394531250000000e-06 0.000000000000000000e+00 0.000000000000000000e+00 0.000000000000000000e+00 7.629394531250000000e-06 2.139473724365234375e+01
1.623115539550781250e+00 0.000000000000000000e+00 0.000000000000000000e+00 0.000000000000000000e+00 8.661389946937561035e-01 0.000000000000000000e+00 0.000000000000000000e+00 0.000000000000000000e+00 8.661389946937561035e-01 7.248675537109375000e+01 0.000000000000000000e+00 0.000000000000000000e+00 0.000000000000000000e+00 0.000000000000000000e+00 0.000000000000000000e+00 0.000000000000000000e+00 0.000000000000000000e+00 0.000000000000000000e+00 2.193732452392578125e+01
1.630653262138366699e+00 0.000000000000000000e+00 0.000000000000000000e+00 0.000000000000000000e+00 8.646354079246520996e-01 0.000000000000000000e+00 0.000000000000000000e+00 0.000000000000000000e+00 8.646354079246520996e-01 7.349594116210937500e+01 0.000000000000000000e+00 0.000000000000000000e+00 0.000000000000000000e+00 0.000000000000000000e+00 0.000000000000000000e+00 0.000000000000000000e+00 0.000000000000000000e+00 0.000000000000000000e+00 2.248750305175781250e+01
1.638190984725952148e+00 0.000000000000000000e+00 0.000000000000000000e+00 0.000000000000000000e+00 8.631358146667480469e-01 0.000000000000000000e+00 0.000000000000000000e+00 0.000000000000000000e+00 8.631358146667480469e-01 7.451056671142578125e+01 0.000000000000000000e+00 0.000000000000000000e+00 0.000000000000000000e+00 7.629394531250000000e-06 0.000000000000000000e+00 0.000000000000000000e+00 0.000000000000000000e+00 7.629394531250000000e-06 2.304531860351562500e+01
1.645728588104248047e+00 0.000000000000000000e+00 0.000000000000000000e+00 0.000000000000000000e+00 8.616402745246887207e-01 0.000000000000000000e+00 0.000000000000000000e+00 0.000000000000000000e+00 8.616402745246887207e-01 7.553070068359375000e+01 0.000000000000000000e+00 0.000000000000000000e+00 0.000000000000000000e+00 0.000000000000000000e+00 0.000000000000000000e+00 0.000000000000000000e+00 0.000000000000000000e+00 0.000000000000000000e+00 2.361079406738281250e+01
1.653266310691833496e+00 0.000000000000000000e+00 0.000000000000000000e+00 0.000000000000000000e+00 8.601487874984741211e-01 0.000000000000000000e+00 0.000000000000000000e+00 0.000000000000000000e+00 8.601487874984741211e-01 7.655639648437500000e+01 0.000000000000000000e+00 0.000000000000000000e+00 0.000000000000000000e+00 -7.629394531250000000e-06 0.000000000000000000e+00 0.000000000000000000e+00 0.000000000000000000e+00 -7.629394531250000000e-06 2.418399047851562500e+01
1.660804033279418945e+00 0.000000000000000000e+00 0.000000000000000000e+00 0.000000000000000000e+00 8.586614131927490234e-01 0.000000000000000000e+00 0.000000000000000000e+00 0.000000000000000000e+00 8.586614131927490234e-01 7.758772277832031250e+01 0.000000000000000000e+00 0.000000000000000000e+00 0.000000000000000000e+00 7.629394531250000000e-06 0.000000000000000000e+00 0.000000000000000000e+00 0.000000000000000000e+00 7.629394531250000000e-06 2.476493072509765625e+01
1.668341755867004395e+00 0.000000000000000000e+00 0.000000000000000000e+00 0.000000000000000000e+00 8.571780920028686523e-01 0.000000000000000000e+00 0.000000000000000000e+00 0.000000000000000000e+00 8.571780920028686523e-01 7.862471008300781250e+01 0.000000000000000000e+00 0.000000000000000000e+00 0.000000000000000000e+00 0.000000000000000000e+00 0.000000000000000000e+00 0.000000000000000000e+00 0.000000000000000000e+00 0.000000000000000000e+00 2.535366821289062500e+01
1.675879359245300293e+00 0.000000000000000000e+00 0.000000000000000000e+00 0.000000000000000000e+00 8.556988835334777832e-01 0.000000000000000000e+00 0.000000000000000000e+00 0.000000000000000000e+00 8.556988835334777832e-01 7.966744995117187500e+01 0.000000000000000000e+00 0.000000000000000000e+00 0.000000000000000000e+00 -7.629394531250000000e-06 0.000000000000000000e+00 0.000000000000000000e+00 0.000000000000000000e+00 -7.629394531250000000e-06 2.595022583007812500e+01
1.683417081832885742e+00 0.000000000000000000e+00 0.000000000000000000e+00 0.000000000000000000e+00 8.542237877845764160e-01 0.000000000000000000e+00 0.000000000000000000e+00 0.000000000000000000e+00 8.542237877845764160e-01 8.071599578857421875e+01 0.000000000000000000e+00 0.000000000000000000e+00 0.000000000000000000e+00 -1.525878906250000000e-05 0.000000000000000000e+00 0.000000000000000000e+00 0.000000000000000000e+00 -1.525878906250000000e-05 2.655470275878906250e+01
1.690954804420471191e+00 0.000000000000000000e+00 0.000000000000000000e+00 0.000000000000000000e+00 8.527528643608093262e-01 0.000000000000000000e+00 0.000000000000000000e+00 0.000000000000000000e+00 8.527528643608093262e-01 8.177043151855468750e+01 0.000000000000000000e+00 0.000000000000000000e+00 0.000000000000000000e+00 7.629394531250000000e-06 0.000000000000000000e+00 0.000000000000000000e+00 0.000000000000000000e+00 7.629394531250000000e-06 2.716708374023437500e+01
1.698492407798767090e+00 0.000000000000000000e+00 0.000000000000000000e+00 0.000000000000000000e+00 8.512859940528869629e-01 0.000000000000000000e+00 0.000000000000000000e+00 0.000000000000000000e+00 8.512859940528869629e-01 8.283074951171875000e+01 0.000000000000000000e+00 0.000000000000000000e+00 0.000000000000000000e+00 -1.525878906250000000e-05 0.000000000000000000e+00 0.000000000000000000e+00 0.000000000000000000e+00 -1.525878906250000000e-05 2.778742980957031250e+01
1.706030130386352539e+00 0.000000000000000000e+00 0.000000000000000000e+00 0.000000000000000000e+00 8.498232960700988770e-01 0.000000000000000000e+00 0.000000000000000000e+00 0.000000000000000000e+00 8.498232960700988770e-01 8.389707183837890625e+01 0.000000000000000000e+00 0.000000000000000000e+00 0.000000000000000000e+00 -7.629394531250000000e-06 0.000000000000000000e+00 0.000000000000000000e+00 0.000000000000000000e+00 -7.629394531250000000e-06 2.841580200195312500e+01
1.713567852973937988e+00 0.000000000000000000e+00 0.000000000000000000e+00 0.000000000000000000e+00 8.483647704124450684e-01 0.000000000000000000e+00 0.000000000000000000e+00 0.000000000000000000e+00 8.483647704124450684e-01 8.496942901611328125e+01 0.000000000000000000e+00 0.000000000000000000e+00 0.000000000000000000e+00 7.629394531250000000e-06 0.000000000000000000e+00 0.000000000000000000e+00 0.000000000000000000e+00 7.629394531250000000e-06 2.905223083496093750e+01
1.721105575561523438e+00 0.000000000000000000e+00 0.000000000000000000e+00 0.000000000000000000e+00 8.469104170799255371e-01 0.000000000000000000e+00 0.000000000000000000e+00 0.000000000000000000e+00 8.469104170799255371e-01 8.604786682128906250e+01 0.000000000000000000e+00 0.000000000000000000e+00 0.000000000000000000e+00 0.000000000000000000e+00 0.000000000000000000e+00 0.000000000000000000e+00 0.000000000000000000e+00 0.000000000000000000e+00 2.969675445556640625e+01
1.728643178939819336e+00 0.000000000000000000e+00 0.000000000000000000e+00 0.000000000000000000e+00 8.454602360725402832e-01 0.000000000000000000e+00 0.000000000000000000e+00 0.000000000000000000e+00 8.454602360725402832e-01 8.713246154785156250e+01 0.000000000000000000e+00 0.000000000000000000e+00 0.000000000000000000e+00 7.629394531250000000e-06 0.000000000000000000e+00 0.000000000000000000e+00 0.000000000000000000e+00 7.629394531250000000e-06 3.034945678710937500e+01
1.736180901527404785e+00 0.000000000000000000e+00 0.000000000000000000e+00 0.000000000000000000e+00 8.440141677856445312e-01 0.000000000000000000e+00 0.000000000000000000e+00 0.000000000000000000e+00 8.440141677856445312e-01 8.822326660156250000e+01 0.000000000000000000e+00 0.000000000000000000e+00 0.000000000000000000e+00 -7.629394531250000000e-06 0.000000000000000000e+00 0.000000000000000000e+00 0.000000000000000000e+00 -7.629394531250000000e-06 3.101033020019531250e+01
1.743718624114990234e+00 0.000000000000000000e+00 0.000000000000000000e+00 0.000000000000000000e+00 8.425723314285278320e-01 0.000000000000000000e+00 0.000000000000000000e+00 0.000000000000000000e+00 8.425723314285278320e-01 8.932033538818359375e+01 0.000000000000000000e+00 0.000000000000000000e+00 0.000000000000000000e+00 0.000000000000000000e+00 0.000000000000000000e+00 0.000000000000000000e+00 0.000000000000000000e+00 0.000000000000000000e+00 3.167945861816406250e+01
1.751256227493286133e+00 0.000000000000000000e+00 0.000000000000000000e+00 0.000000000000000000e+00 8.411347270011901855e-01 0.000000000000000000e+00 0.000000000000000000e+00 0.000000000000000000e+00 8.411347270011901855e-01 9.042370605468750000e+01 0.000000000000000000e+00 0.000000000000000000e+00 0.000000000000000000e+00 0.000000000000000000e+00 0.000000000000000000e+00 0.000000000000000000e+00 0.000000000000000000e+00 0.000000000000000000e+00 3.235688018798828125e+01
1.758793950080871582e+00 0.000000000000000000e+00 0.000000000000000000e+00 0.000000000000000000e+00 8.397012352943420410e-01 0.000000000000000000e+00 0.000000000000000000e+00 0.000000000000000000e+00 8.397012352943420410e-01 9.153344726562500000e+01 0.000000000000000000e+00 0.000000000000000000e+00 0.000000000000000000e+00 -7.629394531250000000e-06 0.000000000000000000e+00 0.000000000000000000e+00 0.000000000000000000e+00 -7.629394531250000000e-06 3.304264068603515625e+01
1.766331672668457031e+00 0.000000000000000000e+00 0.000000000000000000e+00 0.000000000000000000e+00 8.382719755172729492e-01 0.000000000000000000e+00 0.000000000000000000e+00 0.000000000000000000e+00 8.382719755172729492e-01 9.264964294433593750e+01 0.000000000000000000e+00 0.000000000000000000e+00 0.000000000000000000e+00 -1.525878906250000000e-05 0.000000000000000000e+00 0.000000000000000000e+00 0.000000000000000000e+00 -1.525878906250000000e-05 3.373680114746093750e+01
1.773869395256042480e+00 0.000000000000000000e+00 0.000000000000000000e+00 0.000000000000000000e+00 8.368469476699829102e-01 0.000000000000000000e+00 0.000000000000000000e+00 0.000000000000000000e+00 8.368469476699829102e-01 9.377230834960937500e+01 0.000000000000000000e+00 0.000000000000000000e+00 0.000000000000000000e+00 0.000000000000000000e+00 0.000000000000000000e+00 0.000000000000000000e+00 0.000000000000000000e+00 0.000000000000000000e+00 3.443939971923828125e+01
1.781406998634338379e+00 0.000000000000000000e+00 0.000000000000000000e+00 0.000000000000000000e+00 8.354260921478271484e-01 0.000000000000000000e+00 0.000000000000000000e+00 0.000000000000000000e+00 8.354260921478271484e-01 9.490146636962890625e+01 0.000000000000000000e+00 0.000000000000000000e+00 0.000000000000000000e+00 7.629394531250000000e-06 0.000000000000000000e+00 0.000000000000000000e+00 0.000000000000000000e+00 7.629394531250000000e-06 3.515046691894531250e+01
1.788944721221923828e+00 0.000000000000000000e+00 0.000000000000000000e+00 0.000000000000000000e+00 8.340094685554504395e-01 0.000000000000000000e+00 0.000000000000000000e+00 0.000000000000000000e+00 8.340094685554504395e-01 9.603725433349609375e+01 0.000000000000000000e+00 0.000000000000000000e+00 0.000000000000000000e+00 0.000000000000000000e+00 0.000000000000000000e+00 0.000000000000000000e+00 0.000000000000000000e+00 0.000000000000000000e+00 3.587008666992187500e+01
1.796482443809509277e+00 0.000000000000000000e+00 0.000000000000000000e+00 0.000000000000000000e+00 8.325970172882080078e-01 0.000000000000000000e+00 0.000000000000000000e+00 0.000000000000000000e+00 8.325970172882080078e-01 9.717965698242187500e+01 0.000000000000000000e+00 0.000000000000000000e+00 0.000000000000000000e+00 0.000000000000000000e+00 0.000000000000000000e+00 0.000000000000000000e+00 0.000000000000000000e+00 0.000000000000000000e+00 3.659829711914062500e+01
1.804020047187805176e+00 0.000000000000000000e+00 0.000000000000000000e+00 0.000000000000000000e+00 8.311887979507446289e-01 0.000000000000000000e+00 0.000000000000000000e+00 0.000000000000000000e+00 8.311887979507446289e-01 9.832874298095703125e+01 0.000000000000000000e+00 0.000000000000000000e+00 0.000000000000000000e+00 -7.629394531250000000e-06 0.000000000000000000e+00 0.000000000000000000e+00 0.000000000000000000e+00 -7.629394531250000000e-06 3.733510589599609375e+01
1.811557769775390625e+00 0.000000000000000000e+00 0.000000000000000000e+00 0.000000000000000000e+00 8.297848105430603027e-01 0.000000000000000000e+00 0.000000000000000000e+00 0.000000000000000000e+00 8.297848105430603027e-01 9.948459625244140625e+01 0.000000000000000000e+00 0.000000000000000000e+00 0.000000000000000000e+00 0.000000000000000000e+00 0.000000000000000000e+00 0.000000000000000000e+00 0.000000000000000000e+00 0.000000000000000000e+00 3.808065795898437500e+01
1.819095492362976074e+00 0.000000000000000000e+00 0.000000000000000000e+00 0.000000000000000000e+00 8.283849954605102539e-01 0.000000000000000000e+00 0.000000000000000000e+00 0.000000000000000000e+00 8.283849954605102539e-01 1.006472473144531250e+02 0.000000000000000000e+00 0.000000000000000000e+00 0.000000000000000000e+00 -7.629394531250000000e-06 0.000000000000000000e+00 0.000000000000000000e+00 0.000000000000000000e+00 -7.629394531250000000e-06 3.883490753173828125e+01
1.826633214950561523e+00 0.000000000000000000e+00 0.000000000000000000e+00 0.000000000000000000e+00 8.269894123077392578e-01 0.000000000000000000e+00 0.000000000000000000e+00 0.000000000000000000e+00 8.269894123077392578e-01 1.018167343139648438e+02 0.000000000000000000e+00 0.000000000000000000e+00 0.000000000000000000e+00 7.629394531250000000e-06 0.000000000000000000e+00 0.000000000000000000e+00 0.000000000000000000e+00 7.629394531250000000e-06 3.959796142578125000e+01
1.834170818328857422e+00 0.000000000000000000e+00 0.000000000000000000e+00 0.000000000000000000e+00 8.255980610847473145e-01 0.000000000000000000e+00 0.000000000000000000e+00 0.000000000000000000e+00 8.255980610847473145e-01 1.029930877685546875e+02 0.000000000000000000e+00 0.000000000000000000e+00 0.000000000000000000e+00 -7.629394531250000000e-06 0.000000000000000000e+00 0.000000000000000000e+00 0.000000000000000000e+00 -7.629394531250000000e-06 4.036984252929687500e+01
1.841708540916442871e+00 0.000000000000000000e+00 0.000000000000000000e+00 0.000000000000000000e+00 8.242109417915344238e-01 0.000000000000000000e+00 0.000000000000000000e+00 0.000000000000000000e+00 8.242109417915344238e-01 1.041764144897460938e+02 0.000000000000000000e+00 0.000000000000000000e+00 0.000000000000000000e+00 1.525878906250000000e-05 0.000000000000000000e+00 0.000000000000000000e+00 0.000000000000000000e+00 1.525878906250000000e-05 4.115063476562500000e+01
1.849246263504028320e+00 0.000000000000000000e+00 0.000000000000000000e+00 0.000000000000000000e+00 8.228279352188110352e-01 0.000000000000000000e+00 0.000000000000000000e+00 0.000000000000000000e+00 8.228279352188110352e-01 1.053667297363281250e+02 0.000000000000000000e+00 0.000000000000000000e+00 0.000000000000000000e+00 -7.629394531250000000e-06 0.000000000000000000e+00 0.000000000000000000e+00 0.000000000000000000e+00 -7.629394531250000000e-06 4.194037628173828125e+01
1.856783866882324219e+00 0.000000000000000000e+00 0.000000000000000000e+00 0.000000000000000000e+00 8.214492201805114746e-01 0.000000000000000000e+00 0.000000000000000000e+00 0.000000000000000000e+00 8.214492201805114746e-01 1.065640640258789062e+02 0.000000000000000000e+00 0.000000000000000000e+00 0.000000000000000000e+00 -7.629394531250000000e-06 0.000000000000000000e+00 0.000000000000000000e+00 0.000000000000000000e+00 -7.629394531250000000e-06 4.273908233642578125e+01
1.864321589469909668e+00 0.000000000000000000e+00 0.000000000000000000e+00 0.000000000000000000e+00 8.200746774673461914e-01 0.000000000000000000e+00 0.000000000000000000e+00 0.000000000000000000e+00 8.200746774673461914e-01 1.077685394287109375e+02 0.000000000000000000e+00 0.000000000000000000e+00 0.000000000000000000e+00 0.000000000000000000e+00 0.000000000000000000e+00 0.000000000000000000e+00 0.000000000000000000e+00 0.000000000000000000e+00 4.354686737060546875e+01
1.871859312057495117e+00 0.000000000000000000e+00 0.000000000000000000e+00 0.000000000000000000e+00 8.187043070793151855e-01 0.000000000000000000e+00 0.000000000000000000e+00 0.000000000000000000e+00 8.187043070793151855e-01 1.089801483154296875e+02 0.000000000000000000e+00 0.000000000000000000e+00 0.000000000000000000e+00 -7.629394531250000000e-06 0.000000000000000000e+00 0.000000000000000000e+00 0.000000000000000000e+00 -7.629394531250000000e-06 4.436376953125000000e+01
1.879397034645080566e+00 0.000000000000000000e+00 0.000000000000000000e+00 0.000000000000000000e+00 8.173381686210632324e-01 0.000000000000000000e+00 0.000000000000000000e+00 0.000000000000000000e+00 8.173381686210632324e-01 1.101989517211914062e+02 0.000000000000000000e+00 0.000000000000000000e+00 0.000000000000000000e+00 -7.629394531250000000e-06 0.000000000000000000e+00 0.000000000000000000e+00 0.000000000000000000e+00 -7.629394531250000000e-06 4.518980407714843750e+01
1.886934638023376465e+00 0.000000000000000000e+00 0.000000000000000000e+00 0.000000000000000000e+00 8.159762620925903320e-01 0.000000000000000000e+00 0.000000000000000000e+00 0.000000000000000000e+00 8.159762620925903320e-01 1.114249877929687500e+02 0.000000000000000000e+00 0.000000000000000000e+00 0.000000000000000000e+00 0.000000000000000000e+00 0.000000000000000000e+00 0.000000000000000000e+00 0.000000000000000000e+00 0.000000000000000000e+00 4.602507019042968750e+01
1.894472360610961914e+00 0.000000000000000000e+00 0.000000000000000000e+00 0.000000000000000000e+00 8.146184682846069336e-01 0.000000000000000000e+00 0.000000000000000000e+00 0.000000000000000000e+00 8.146184682846069336e-01 1.126583251953125000e+02 0.000000000000000000e+00 0.000000000000000000e+00 0.000000000000000000e+00 -7.629394531250000000e-06 0.000000000000000000e+00 0.000000000000000000e+00 0.000000000000000000e+00 -7.629394531250000000e-06 4.686959838867187500e+01
1.902010083198547363e+00 0.000000000000000000e+00 0.000000000000000000e+00 0.000000000000000000e+00 8.132649064064025879e-01 0.000000000000000000e+00 0.000000000000000000e+00 0.000000000000000000e+00 8.132649064064025879e-01 1.138989868164062500e+02 0.000000000000000000e+00 0.000000000000000000e+00 0.000000000000000000e+00 0.000000000000000000e+00 0.000000000000000000e+00 0.000000000000000000e+00 0.000000000000000000e+00 0.000000000000000000e+00 4.772346496582031250e+01
1.909547686576843262e+00 0.000000000000000000e+00 0.000000000000000000e+00 0.000000000000000000e+00 8.119154572486877441e-01 0.000000000000000000e+00 0.000000000000000000e+00 0.000000000000000000e+00 8.119154572486877441e-01 1.151470336914062500e+02 0.000000000000000000e+00 0.000000000000000000e+00 0.000000000000000000e+00 -7.629394531250000000e-06 0.000000000000000000e+00 0.000000000000000000e+00 0.000000000000000000e+00 -7.629394531250000000e-06 4.858668518066406250e+01
1.917085409164428711e+00 0.000000000000000000e+00 0.000000000000000000e+00 0.000000000000000000e+00 8.105702400207519531e-01 0.000000000000000000e+00 0.000000000000000000e+00 0.000000000000000000e+00 8.105702400207519531e-01 1.164024963378906250e+02 0.000000000000000000e+00 0.000000000000000000e+00 0.000000000000000000e+00 0.000000000000000000e+00 0.000000000000000000e+00 0.000000000000000000e+00 0.000000000000000000e+00 0.000000000000000000e+00 4.945935058593750000e+01
1.924623131752014160e+00 0.000000000000000000e+00 0.000000000000000000e+00 0.000000000000000000e+00 8.092291951179504395e-01 0.000000000000000000e+00 0.000000000000000000e+00 0.000000000000000000e+00 8.092291951179504395e-01 1.176654968261718750e+02 0.000000000000000000e+00 0.000000000000000000e+00 0.000000000000000000e+00 7.629394531250000000e-06 0.000000000000000000e+00 0.000000000000000000e+00 0.000000000000000000e+00 7.629394531250000000e-06 5.034152221679687500e+01
1.932160854339599609e+00 0.000000000000000000e+00 0.000000000000000000e+00 0.000000000000000000e+00 8.078922629356384277e-01 0.000000000000000000e+00 0.000000000000000000e+00 0.000000000000000000e+00 8.078922629356384277e-01 1.189359741210937500e+02 0.000000000000000000e+00 0.000000000000000000e+00 0.000000000000000000e+00 1.525878906250000000e-05 0.000000000000000000e+00 0.000000000000000000e+00 0.000000000000000000e+00 1.525878906250000000e-05 5.123324584960937500e+01
1.939698457717895508e+00 0.000000000000000000e+00 0.000000000000000000e+00 0.000000000000000000e+00 8.065595030784606934e-01 0.000000000000000000e+00 0.000000000000000000e+00 0.000000000000000000e+00 8.065595030784606934e-01 1.202140197753906250e+02 0.000000000000000000e+00 0.000000000000000000e+00 0.000000000000000000e+00 -1.525878906250000000e-05 0.000000000000000000e+00 0.000000000000000000e+00 0.000000000000000000e+00 -1.525878906250000000e-05 5.213454437255859375e+01
1.947236180305480957e+00 0.000000000000000000e+00 0.000000000000000000e+00 0.000000000000000000e+00 8.052309155464172363e-01 0.000000000000000000e+00 0.000000000000000000e+00 0.000000000000000000e+00 8.052309155464172363e-01 1.214997253417968750e+02 0.000000000000000000e+00 0.000000000000000000e+00 0.000000000000000000e+00 7.629394531250000000e-06 0.000000000000000000e+00 0.000000000000000000e+00 0.000000000000000000e+00 7.629394531250000000e-06 5.304552459716796875e+01
1.954773902893066406e+00 0.000000000000000000e+00 0.000000000000000000e+00 0.000000000000000000e+00 8.039064407348632812e-01 0.000000000000000000e+00 0.000000000000000000e+00 0.000000000000000000e+00 8.039064407348632812e-01 1.227930603027343750e+02 0.000000000000000000e+00 0.000000000000000000e+00 0.000000000000000000e+00 7.629394531250000000e-06 0.000000000000000000e+00 0.000000000000000000e+00 0.000000000000000000e+00 7.629394531250000000e-06 5.396622467041015625e+01
1.962311506271362305e+00 0.000000000000000000e+00 0.000000000000000000e+00 0.000000000000000000e+00 8.025860786437988281e-01 0.000000000000000000e+00 0.000000000000000000e+00 0.000000000000000000e+00 8.025860786437988281e-01 1.240940933227539062e+02 0.000000000000000000e+00 0.000000000000000000e+00 0.000000000000000000e+00 0.000000000000000000e+00 0.000000000000000000e+00 0.000000000000000000e+00 0.000000000000000000e+00 0.000000000000000000e+00 5.489669799804687500e+01
1.969849228858947754e+00 0.000000000000000000e+00 0.000000000000000000e+00 0.000000000000000000e+00 8.012698292732238770e-01 0.000000000000000000e+00 0.000000000000000000e+00 0.000000000000000000e+00 8.012698292732238770e-01 1.254029235839843750e+02 0.000000000000000000e+00 0.000000000000000000e+00 0.000000000000000000e+00 -1.525878906250000000e-05 0.000000000000000000e+00 0.000000000000000000e+00 0.000000000000000000e+00 -1.525878906250000000e-05 5.583699798583984375e+01
1.977386951446533203e+00 0.000000000000000000e+00 0.000000000000000000e+00 0.000000000000000000e+00 7.999577522277832031e-01 0.000000000000000000e+00 0.000000000000000000e+00 0.000000000000000000e+00 7.999577522277832031e-01 1.267195434570312500e+02 0.000000000000000000e+00 0.000000000000000000e+00 0.000000000000000000e+00 7.629394531250000000e-06 0.000000000000000000e+00 0.000000000000000000e+00 0.000000000000000000e+00 7.629394531250000000e-06 5.678720855712890625e+01
1.984924674034118652e+00 0.000000000000000000e+00 0.000000000000000000e+00 0.000000000000000000e+00 7.986497282981872559e-01 0.000000000000000000e+00 0.000000000000000000e+00 0.000000000000000000e+00 7.986497282981872559e-01 1.280440216064453125e+02 0.000000000000000000e+00 0.000000000000000000e+00 0.000000000000000000e+00 0.000000000000000000e+00 0.000000000000000000e+00 0.000000000000000000e+00 0.000000000000000000e+00 0.000000000000000000e+00 5.774737548828125000e+01
1.992462277412414551e+00 0.000000000000000000e+00 0.000000000000000000e+00 0.000000000000000000e+00 7.973458766937255859e-01 0.000000000000000000e+00 0.000000000000000000e+00 0.000000000000000000e+00 7.973458766937255859e-01 1.293763732910156250e+02 0.000000000000000000e+00 0.000000000000000000e+00 0.000000000000000000e+00 0.000000000000000000e+00 0.000000000000000000e+00 0.000000000000000000e+00 0.000000000000000000e+00 0.000000000000000000e+00 5.871752929687500000e+01
2.000000000000000000e+00 0.000000000000000000e+00 0.000000000000000000e+00 0.000000000000000000e+00 7.960460186004638672e-01 0.000000000000000000e+00 0.000000000000000000e+00 0.000000000000000000e+00 7.960460186004638672e-01 1.307166748046875000e+02 0.000000000000000000e+00 0.000000000000000000e+00 0.000000000000000000e+00 -7.629394531250000000e-06 0.000000000000000000e+00 0.000000000000000000e+00 0.000000000000000000e+00 -7.629394531250000000e-06 5.969778442382812500e+01
