0.952332514392292 -0.00674870673070387 -0.00150361664133054 -0.00674870673070387 1.0040331225706 0.0531337705011022 -0.00150361664133054 0.0531337705011022 1.04869847866108
0.943832830993611 -0.00796393291434811 -0.00181868225765608 -0.00796393291434811 1.00508300289343 0.0631904242657122 -0.00181868225765608 0.0631904242657122 1.05819656369645
0.935410693772106 -0.00917213126658417 -0.00214594631492589 -0.00917213126658417 1.00623111973025 0.0733436272333108 -0.00214594631492589 0.0733436272333108 1.06787229827498
0.927065404106062 -0.0103735121728423 -0.00248546554001188 -0.0103735121728423 1.00747843953388 0.0835951445264154 -0.00248546554001188 0.0835951445264154 1.07772813139687
0.918796269894197 -0.0115682857943791 -0.00283729898320465 -0.0115682857943791 1.00882594641126 0.0939467656913014 -0.00283729898320465 0.0939467656913014 1.0877665499461
0.910602605497706 -0.01275666209857 -0.00320150803761368 -0.01275666209857 1.01027464236611 0.104400305076101 -0.00320150803761368 0.104400305076101 1.09799007924933
0.902483731682859 -0.0139388508893298 -0.00357815645901009 -0.0139388508893298 1.01182554754526 0.11495760221447 -0.00357815645901009 0.11495760221447 1.1084012836431
0.894438975564165 -0.0151150618376685 -0.00396731038611513 -0.0151150618376685 1.01347970048893 0.125620522214916 -0.00396731038611513 0.125620522214916 1.11900276704966
0.886467670548079 -0.0162855045123837 -0.00436903836134115 -0.0162855045123837 1.01523815838482 0.13639095615585 -0.00436903836134115 0.13639095615585 1.12979717356139
0.878569156277258 -0.017450388410899 -0.00478341135198929 -0.017450388410899 1.01710199732621 0.147270821486469 -0.00478341135198929 0.147270821486469 1.14078718803408
0.87074277857536 -0.0186099229902498 -0.00521050277191028 -0.0186099229902498 1.01907231257402 0.158262062433556 -0.00521050277191028 0.158262062433556 1.15197553668905
0.862987889392381 -0.0197643176982241 -0.00565038850363307 -0.0197643176982241 1.02115021882299 0.169366650414268 -0.00565038850363307 0.169366650414268 1.16336498772444
0.855303846750523 -0.0209137820046624 -0.00610314692096742 -0.0209137820046624 1.02333685047193 0.180586584455026 -0.00610314692096742 0.180586584455026 1.17495835193554
0.847690014690591 -0.0220585254329222 -0.00656885891208573 -0.0220585254329222 1.02563336189819 0.191923891616581 -0.00656885891208573 0.191923891616581 1.18675848334464
0.840145763218918 -0.0231987575915131 -0.00704760790309038 -0.0231987575915131 1.02804092773639 0.203380627425356 -0.00704760790309038 0.203380627425356 1.19876827984015
0.832670468254803 -0.0243346882059056 -0.00753947988207283 -0.0243346882059056 1.03056074316144 0.214958876311168 -0.00753947988207283 0.214958876311168 1.21099068382549
0.825263511578471 -0.0254665271505238 -0.00804456342366862 -0.0254665271505238 1.03319402417592 0.226660752051398 -0.00804456342366862 0.226660752051398 1.22342868287761
0.817924280779544 -0.0265944844809211 -0.00856294971411718 -0.0265944844809211 1.03594200790198 0.238488398221745 -0.00856294971411718 0.238488398221745 1.23608531041552
0.810652169206008 -0.0277187704661499 -0.00909473257683042 -0.0277187704661499 1.03880595287762 0.250443988653625 -0.00909473257683042 0.250443988653625 1.24896364637877
0.803446575913702 -0.0288395956213283 -0.00964000849847744 -0.0288395956213283 1.04178713935764 0.262529727898342 -0.00964000849847744 0.262529727898342 1.26206681791618
0.796306905616289 -0.0299571707404099 -0.0101988766555918 -0.0299571707404099 1.0448868696192 0.274747851698122 -0.0101988766555918 0.274747851698122 1.27539800008491
0.789232568635734 -0.0310717069291622 -0.0107714389417071 -0.0310717069291622 1.0481064682721 0.287100627464112 -0.0107714389417071 0.287100627464112 1.28896041656002
0.782222980853259 -0.0321834156383604 -0.0113577999950292 -0.0321834156383604 1.05144728257376 0.299590354761449 -0.0113577999950292 0.299590354761449 1.30275734035471
0.775277563660801 -0.0332925086972011 -0.0119580672266495 -0.0332925086972011 1.05491068274918 0.312219365801518 -0.0119580672266495 0.312219365801518 1.31679209455135
0.768395743912941 -0.0343991983469428 -0.0125723508493083 -0.0343991983469428 1.05849806231569 0.324990025941482 -0.0125723508493083 0.324990025941482 1.33106805304349
0.761576953879314 -0.0355036972747789 -0.0132007639067142 -0.0355036972747789 1.06221083841279 0.337904734191221 -0.0132007639067142 0.337904734191221 1.34558864128909
0.7548206311975 -0.0366062186479493 -0.0138434223034266 -0.0366062186479493 1.06605045213698 0.350965923727768 -0.0138434223034266 0.350965923727768 1.36035733707493
0.748126218826379 -0.0377069761480954 -0.0145004448353088 -0.0377069761480954 1.07001836888176 0.364176062417373 -0.0145004448353088 0.364176062417373 1.37537767129263
0.741493164999955 -0.038806184005868 -0.0151719532205593 -0.038806184005868 1.07411607868288 0.377537653345293 -0.0151719532205593 0.377537653345293 1.3906532287262
0.73492092318165 -0.0399040570357903 -0.015858072131328 -0.0399040570357903 1.07834509656881 0.391053235353445 -0.015858072131328 0.391053235353445 1.40618764885154
0.728408952019049 -0.0410008106713854 -0.0165589292259255 -0.0410008106713854 1.08270696291664 0.404725383586014 -0.0165589292259255 0.404725383586014 1.42198462664781
0.721956715299107 -0.0420966610005727 -0.0172746551816335 -0.0420966610005727 1.08720324381339 0.41855671004316 -0.0172746551816335 0.41855671004316 1.4380479134211
0.71556368190381 -0.0431918248013415 -0.0180053837281226 -0.0431918248013415 1.0918355314229 0.432549864142927 -0.0180053837281226 0.432549864142927 1.45438131764038
0.709229325766281 -0.0442865195777061 -0.0187512516814881 -0.0442865195777061 1.09660544435824 0.446707533291492 -0.0187512516814881 0.446707533291492 1.47098870578605
0.702953125827332 -0.0453809635959511 -0.0195123989789092 -0.0453809635959511 1.10151462805997 0.461032443461869 -0.0195123989789092 0.461032443461869 1.48787400321117
0.696734565992467 -0.0464753759211725 -0.0202889687139411 -0.0464753759211725 1.10656475517999 0.475527359781198 -0.0202889687139411 0.475527359781198 1.50504119501566
0.690573135089308 -0.0475699764541218 -0.021081107172449 -0.0475699764541218 1.11175752597141 0.49019508712675 -0.021081107172449 0.49019508712675 1.52249432693361
0.684468326825474 -0.0486649859683588 -0.0218889638691913 -0.0486649859683588 1.11709466868428 0.50503847073078 -0.0218889638691913 0.50503847073078 1.54023750623388
0.678419639746881 -0.049760626147722 -0.0227126915850606 -0.049760626147722 1.12257793996743 0.520060396794345 -0.0227126915850606 0.520060396794345 1.55827490263424
0.672426577196474 -0.0508571196241225 -0.0235524464049929 -0.0508571196241225 1.12820912527634 0.535263793110255 -0.0235524464049929 0.535263793110255 1.57661074922922
0.666488647273382 -0.0519546900156671 -0.024408387756552 -0.0519546900156671 1.13399003928736 0.550651629695258 -0.024408387756552 0.550651629695258 1.59524934343183
0.660605362792504 -0.0530535619651216 -0.0252806784491989 -0.0530535619651216 1.13992252631813 0.566226919431618 -0.0252806784491989 0.566226919431618 1.61419504792952
0.654776241244504 -0.0541539611787167 -0.0261694847142562 -0.0541539611787167 1.14600846075444 0.581992718718226 -0.0261694847142562 0.581992718718226 1.63345229165433
0.649000804756228 -0.0552561144653086 -0.0270749762455756 -0.0552561144653086 1.15224974748366 0.597952128131379 -0.0270749762455756 0.597952128131379 1.65302557076773
0.643278580051534 -0.0563602497758976 -0.0279973262409184 -0.0563602497758976 1.15864832233464 0.614108293095376 -0.0279973262409184 0.614108293095376 1.67291944966012
0.637609098412528 -0.0574665962435145 -0.028936711444059 -0.0574665962435145 1.1652061525244 0.630464404563081 -0.028936711444059 0.630464404563081 1.69313856196541
0.63199189564121 -0.0585753842234837 -0.0298933121876215 -0.0585753842234837 1.1719252371116 0.647023699706608 -0.0298933121876215 0.647023699706608 1.71368761159075
0.626426512021528 -0.0596868453340662 -0.0308673124366575 -0.0596868453340662 1.17880760745687 0.663789462618251 -0.0308673124366575 0.663789462618251 1.73457137376172
0.620912492281822 -0.0608012124974954 -0.0318588998329788 -0.0608012124974954 1.18585532769016 0.68076502502186 -0.0318588998329788 0.68076502502186 1.75579469608321
0.615449385557675 -0.0619187199814101 -0.0328682657402502 -0.0619187199814101 1.19307049518521 0.697953766994771 -0.0328682657402502 0.697953766994771 1.77736249961619
