1.01262813118043 0.0191602840659076 -0.0202622332703625 0.0191602840659076 0.94863701735016 -0.0431496998522446 -0.0202622332703625 -0.0431496998522446 1.04373026559198
1.01504791302707 0.0226910491035109 -0.0241947302540775 0.0226910491035109 0.939739656789394 -0.0510751905069705 -0.0241947302540775 -0.0510751905069705 1.05221087239494
1.0174996224778 0.0262268647083104 -0.0281942789829438 0.0262268647083104 0.931004848070923 -0.0590040013163245 -0.0281942789829438 -0.0590040013163245 1.06083394583847
1.01998358912631 0.0297683252882346 -0.0322615519449691 0.0297683252882346 0.922431040507387 -0.0669374651812299 -0.0322615519449691 -0.0669374651812299 1.06960085318946
1.02250014780363 0.0333160259110543 -0.036397232718783 0.0333160259110543 0.914016711284473 -0.0748769151322179 -0.036397232718783 -0.0748769151322179 1.0785129852586
1.02504963863189 0.0368705624042643 -0.0406020160833163 0.0368705624042643 0.905760365190792 -0.0828236845538441 -0.0406020160833163 -0.0828236845538441 1.08757175662305
1.02763240707901 0.040432531455052 -0.0448766081293214 0.040432531455052 0.897660534352554 -0.0907791074090604 -0.0448766081293214 -0.0907791074090604 1.096778605853
1.03024880401423 0.044002530710356 -0.0492217263727346 0.044002530710356 0.889715777972978 -0.0987445184635671 -0.0492217263727346 -0.0987445184635671 1.10613499574218
1.03289918576453 0.0475811588770408 -0.0536380998699149 0.0475811588770408 0.881924682076372 -0.106721253510196 -0.0536380998699149 -0.106721253510196 1.11564241354228
1.03558391417194 0.0511690158221996 -0.0581264693347629 0.0511690158221996 0.874285859256878 -0.114710649593355 -0.0581264693347629 -0.114710649593355 1.1253023712014
1.03830335665178 0.0547667026736039 -0.0626875872577497 0.0547667026736039 0.866797948431794 -0.122714045233569 -0.0626875872577497 -0.122714045233569 1.1351164056066
1.04105788625174 0.0583748219203143 -0.0673222180268667 0.0583748219203143 0.859459614599464 -0.130732780652167 -0.0673222180268667 -0.130732780652167 1.14508607883043
1.04384788171195 0.0619939775134746 -0.0720311380505262 0.0619939775134746 0.852269548601674 -0.138768197996142 -0.0720311380505262 -0.138768197996142 1.15521297838162
1.04667372752596 0.0656247749672975 -0.0768151358824171 0.0656247749672975 0.845226466890511 -0.146821641563218 -0.0768151358824171 -0.146821641563218 1.16549871746002
1.04953581400263 0.0692678214602715 -0.0816750123483529 0.0692678214602715 0.838329111299664 -0.154894458027182 -0.0816750123483529 -0.154894458027182 1.17594493521554
1.052434537329 0.0729237259365903 -0.0866115806751189 0.0729237259365903 0.831576248820091 -0.162987996663497 -0.0866115806751189 -0.162987996663497 1.18655329701157
1.05537029963411 0.0765930992078353 -0.0916256666213468 0.0765930992078353 0.824966671380053 -0.171103609575242 -0.0916256666213468 -0.171103609575242 1.19732549469248
1.05834350905378 0.0802765540549201 -0.096718108610434 0.0802765540549201 0.818499195629435 -0.179242651919419 -0.096718108610434 -0.179242651919419 1.20826324685561
1.06135457979639 0.0839747053303195 -0.101889757865533 0.0839747053303195 0.812172662728358 -0.187406482133671 -0.101889757865533 -0.187406482133671 1.2193682991275
1.06440393220963 0.0876881700605926 -0.107141478546625 0.0876881700605926 0.805985938140003 -0.195596462163424 -0.107141478546625 -0.195596462163424 1.23064242444462
1.06749199284826 0.0914175675492264 -0.112474147889715 0.0914175675492264 0.79993791142764 -0.203813957689527 -0.112474147889715 -0.203813957689527 1.24208742333855
1.07061919454289 0.0951635194798096 -0.117888656348147 0.0951635194798096 0.794027496055812 -0.212060338356397 -0.117888656348147 -0.212060338356397 1.25370512422564
1.07378597646976 0.0989266500195577 -0.123385907736085 0.0989266500195577 0.788253629195639 -0.220336978000723 -0.123385907736085 -0.220336978000723 1.26549738370122
1.0769927842216 0.102707585923204 -0.128966819374174 0.102707585923204 0.782615271534215 -0.228645254880767 -0.128966819374174 -0.228645254880767 1.27746608683848
1.08024006987945 0.10650695663728 -0.134632322237395 0.10650695663728 0.777111407088053 -0.236986551906291 -0.134632322237395 -0.236986551906291 1.28961314749188
1.08352829208565 0.11032539440479 -0.140383361105164 0.11032539440479 0.771741043020559 -0.245362256869164 -0.140383361105164 -0.245362256869164 1.30194050860539
1.08685791611781 0.114163534370314 -0.146220894713657 0.114163534370314 0.766503209463472 -0.253773762674663 -0.146220894713657 -0.253773762674663 1.31445014252537
1.0902294139639 0.118022014685542 -0.152145895910438 0.118022014685542 0.761396959342299 -0.262222467573541 -0.152145895910438 -0.262222467573541 1.3271440513183
1.09364326439841 0.121901476615264 -0.158159351811366 0.121901476615264 0.756421368205626 -0.270709775394864 -0.158159351811366 -0.270709775394864 1.34002426709338
1.09709995305967 0.125802564643834 -0.164262263959842 0.125802564643834 0.751575534058362 -0.27923709577968 -0.164262263959842 -0.27923709577968 1.35309285232995
1.10059997252822 0.12972592658212 -0.170455648488396 0.12972592658212 0.746858577198818 -0.287805844415561 -0.170455648488396 -0.287805844415561 1.36635190020998
1.10414382240632 0.133672213674972 -0.176740536282663 0.133672213674972 0.742269640059647 -0.296417443272031 -0.176740536282663 -0.296417443272031 1.37980353495542
1.10773200939868 0.137642080709198 -0.183117973147753 0.137642080709198 0.737807887052564 -0.305073320836945 -0.183117973147753 -0.305073320836945 1.39344991217077
1.11136504739426 0.141636186122101 -0.18958901997706 0.141636186122101 0.733472504416861 -0.313774912353858 -0.18958901997706 -0.313774912353858 1.40729321919067
1.11504345754923 0.145655192110567 -0.196154752923522 0.145655192110567 0.729262700071659 -0.322523660060401 -0.196154752923522 -0.322523660060401 1.42133567543264
1.11876776837122 0.149699764740737 -0.202816263573375 0.149699764740737 0.725177703471898 -0.331321013427724 -0.202816263573375 -0.331321013427724 1.43557953275516
1.12253851580468 0.153770574058275 -0.209574659122406 0.153770574058275 0.721216765468011 -0.340168429401042 -0.209574659122406 -0.340168429401042 1.45002707582092
1.12635624331743 0.157868294199253 -0.216431062554772 0.157868294199253 0.717379158169274 -0.349067372641319 -0.216431062554772 -0.349067372641319 1.46468062246551
1.13022150198851 0.16199360350167 -0.223386612824364 0.16199360350167 0.71366417481081 -0.358019315768134 -0.223386612824364 -0.358019315768134 1.47954252407143
1.13413485059725 0.166147184617624 -0.230442465038789 0.166147184617624 0.710071129624206 -0.367025739603766 -0.230442465038789 -0.367025739603766 1.49461516594764
1.13809685571352 0.170329724626155 -0.237599790645979 0.170329724626155 0.70659935771173 -0.376088133418541 -0.237599790645979 -0.376088133418541 1.50990096771458
1.14210809178936 0.17454191514678 -0.244859777623451 0.17454191514678 0.703248214924137 -0.385207995177487 -0.244859777623451 -0.385207995177487 1.52540238369483
1.1461691412518 0.178784452453736 -0.25222363067027 0.178784452453736 0.700017077742006 -0.394386831788323 -0.25222363067027 -0.394386831788323 1.5411219033094
1.15028059459703 0.183058037590946 -0.259692571401728 0.183058037590946 0.696905343160635 -0.403626159350838 -0.259692571401728 -0.403626159350838 1.5570620514797
1.15444305048584 0.187363376487743 -0.267267838546772 0.187363376487743 0.69391242857843 -0.4129275034077 -0.267267838546772 -0.4129275034077 1.57322538903535
1.15865711584048 0.191701180075349 -0.27495068814823 0.191701180075349 0.691037771688786 -0.422292399196717 -0.27495068814823 -0.422292399196717 1.58961451312781
1.16292340594271 0.196072164404143 -0.282742393765836 0.196072164404143 0.68828083037545 -0.431722391904625 -0.282742393765836 -0.431722391904625 1.60623205764993
1.16724254453336 0.200477050761737 -0.290644246682126 0.200477050761737 0.685641082611317 -0.441219036922415 -0.290644246682126 -0.441219036922415 1.62308069366146
1.17161516391319 0.204916565791871 -0.298657556111197 0.204916565791871 0.683118026360681 -0.45078390010226 -0.298657556111197 -0.45078390010226 1.64016312982063
1.17604190504513 0.209391441614154 -0.306783649410402 0.209391441614154 0.680711179484879 -0.460418558016071 -0.306783649410402 -0.460418558016071 1.65748211282188
