3.000000000000000000e+00 1.000000000000000000e+00 5.000000000000000000e+00 5.000000000000000000e+00
3.000008106231689453e+00 9.999959468841552734e-01 5.000018119812011719e+00 5.000013828277587891e+00
3.000032186508178711e+00 9.999838471412658691e-01 5.000072479248046875e+00 5.000056266784667969e+00
3.000072479248046875e+00 9.999637007713317871e-01 5.000163078308105469e+00 5.000126838684082031e+00
3.000128984451293945e+00 9.999355077743530273e-01 5.000290393829345703e+00 5.000226020812988281e+00
3.000201702117919922e+00 9.998992085456848145e-01 5.000453948974609375e+00 5.000353336334228516e+00
3.000290393829345703e+00 9.998548626899719238e-01 5.000653266906738281e+00 5.000507831573486328e+00
3.000395059585571289e+00 9.998024106025695801e-01 5.000888824462890625e+00 5.000691413879394531e+00
3.000516176223754883e+00 9.997419118881225586e-01 5.001161575317382812e+00 5.000903606414794922e+00
3.000653266906738281e+00 9.996733665466308594e-01 5.001469612121582031e+00 5.001143455505371094e+00
3.000806331634521484e+00 9.995967745780944824e-01 5.001814365386962891e+00 5.001410961151123047e+00
3.000975847244262695e+00 9.995120763778686523e-01 5.002195835113525391e+00 5.001708030700683594e+00
3.001161336898803711e+00 9.994193911552429199e-01 5.002613067626953125e+00 5.002033233642578125e+00
3.001362800598144531e+00 9.993185400962829590e-01 5.003066062927246094e+00 5.002384662628173828e+00
3.001580715179443359e+00 9.992097020149230957e-01 5.003556728363037109e+00 5.002766609191894531e+00
3.001814603805541992e+00 9.990927577018737793e-01 5.004082679748535156e+00 5.003175735473632812e+00
3.002064466476440430e+00 9.989677667617797852e-01 5.004644870758056641e+00 5.003612995147705078e+00
3.002330541610717773e+00 9.988346695899963379e-01 5.005243778228759766e+00 5.004079341888427734e+00
3.002612829208374023e+00 9.986935853958129883e-01 5.005878925323486328e+00 5.004572868347167969e+00
3.002911329269409180e+00 9.985443949699401855e-01 5.006550312042236328e+00 5.005096435546875000e+00
3.003225803375244141e+00 9.983870983123779297e-01 5.007257938385009766e+00 5.005646228790283203e+00
3.003556489944458008e+00 9.982218146324157715e-01 5.008002281188964844e+00 5.006225585937500000e+00
3.003903150558471680e+00 9.980484247207641602e-01 5.008781909942626953e+00 5.006832599639892578e+00
3.004266023635864258e+00 9.978669881820678711e-01 5.009598731994628906e+00 5.007467746734619141e+00
3.004645109176635742e+00 9.976774454116821289e-01 5.010451316833496094e+00 5.008131504058837891e+00
3.005040168762207031e+00 9.974798560142517090e-01 5.011340141296386719e+00 5.008822441101074219e+00
3.005451440811157227e+00 9.972742199897766113e-01 5.012265682220458984e+00 5.009542942047119141e+00
3.005878925323486328e+00 9.970605373382568359e-01 5.013227462768554688e+00 5.010293006896972656e+00
3.006322383880615234e+00 9.968387484550476074e-01 5.014225482940673828e+00 5.011068820953369141e+00
3.006782054901123047e+00 9.966089129447937012e-01 5.015259742736816406e+00 5.011874198913574219e+00
3.007257938385009766e+00 9.963710308074951172e-01 5.016330242156982422e+00 5.012707233428955078e+00
3.007749795913696289e+00 9.961250424385070801e-01 5.017436981201171875e+00 5.013569355010986328e+00
3.008257865905761719e+00 9.958710074424743652e-01 5.018580436706542969e+00 5.014460086822509766e+00
3.008782148361206055e+00 9.956089258193969727e-01 5.019759654998779297e+00 5.015377998352050781e+00
3.009322404861450195e+00 9.953387975692749023e-01 5.020975589752197266e+00 5.016324996948242188e+00
3.009878873825073242e+00 9.950605630874633789e-01 5.022227287292480469e+00 5.017300128936767578e+00
3.010451555252075195e+00 9.947742819786071777e-01 5.023516178131103516e+00 5.018304347991943359e+00
3.011040210723876953e+00 9.944799542427062988e-01 5.024840354919433594e+00 5.019335746765136719e+00
3.011645078659057617e+00 9.941775202751159668e-01 5.026201248168945312e+00 5.020395278930664062e+00
3.012265920639038086e+00 9.938670396804809570e-01 5.027598381042480469e+00 5.021484375000000000e+00
3.012902975082397461e+00 9.935485124588012695e-01 5.029031753540039062e+00 5.022601127624511719e+00
3.013556241989135742e+00 9.932218790054321289e-01 5.030501365661621094e+00 5.023746490478515625e+00
3.014225482940673828e+00 9.928871989250183105e-01 5.032007217407226562e+00 5.024919509887695312e+00
3.014910936355590820e+00 9.925444722175598145e-01 5.033549785614013672e+00 5.026122093200683594e+00
3.015612602233886719e+00 9.921936988830566406e-01 5.035128593444824219e+00 5.027352809906005859e+00
3.016330480575561523e+00 9.918348193168640137e-01 5.036743640899658203e+00 5.028611660003662109e+00
3.017064332962036133e+00 9.914678931236267090e-01 5.038394927978515625e+00 5.029899120330810547e+00
3.017814159393310547e+00 9.910928606986999512e-01 5.040081977844238281e+00 5.031214237213134766e+00
3.018580436706542969e+00 9.907098412513732910e-01 5.041806221008300781e+00 5.032559394836425781e+00
3.019362688064575195e+00 9.903187155723571777e-01 5.043566226959228516e+00 5.033931732177734375e+00
3.020160913467407227e+00 9.899195432662963867e-01 5.045361995697021484e+00 5.035332679748535156e+00
3.020975351333618164e+00 9.895122647285461426e-01 5.047194480895996094e+00 5.036761760711669922e+00
3.021806001663208008e+00 9.890969395637512207e-01 5.049063682556152344e+00 5.038219928741455078e+00
3.022652864456176758e+00 9.886735677719116211e-01 5.050969123840332031e+00 5.039705753326416016e+00
3.023515701293945312e+00 9.882421493530273438e-01 5.052910327911376953e+00 5.041221618652343750e+00
3.024394750595092773e+00 9.878026247024536133e-01 5.054888248443603516e+00 5.042765140533447266e+00
3.025290012359619141e+00 9.873550534248352051e-01 5.056902408599853516e+00 5.044337749481201172e+00
3.026201248168945312e+00 9.868993759155273438e-01 5.058952808380126953e+00 5.045938491821289062e+00
3.027128696441650391e+00 9.864357113838195801e-01 5.061039447784423828e+00 5.047567367553710938e+00
3.028072118759155273e+00 9.859639406204223633e-01 5.063162326812744141e+00 5.049224853515625000e+00
3.029031753540039062e+00 9.854841232299804688e-01 5.065321445465087891e+00 5.050911426544189453e+00
3.030007600784301758e+00 9.849961996078491211e-01 5.067517280578613281e+00 5.052626132965087891e+00
3.030999422073364258e+00 9.845002293586730957e-01 5.069748878479003906e+00 5.054368972778320312e+00
3.032007455825805664e+00 9.839962124824523926e-01 5.072016716003417969e+00 5.056140899658203125e+00
3.033031702041625977e+00 9.834841489791870117e-01 5.074321269989013672e+00 5.057942390441894531e+00
3.034071922302246094e+00 9.829639792442321777e-01 5.076662063598632812e+00 5.059771537780761719e+00
3.035128355026245117e+00 9.824357628822326660e-01 5.079038619995117188e+00 5.061628341674804688e+00
3.036201000213623047e+00 9.818994998931884766e-01 5.081452369689941406e+00 5.063515663146972656e+00
3.037289619445800781e+00 9.813551306724548340e-01 5.083901405334472656e+00 5.065430164337158203e+00
3.038394451141357422e+00 9.808027148246765137e-01 5.086387634277343750e+00 5.067374706268310547e+00
3.039515495300292969e+00 9.802422523498535156e-01 5.088910102844238281e+00 5.069346427917480469e+00
3.040652513504028320e+00 9.796737432479858398e-01 5.091468334197998047e+00 5.071348667144775391e+00
3.041805744171142578e+00 9.790971279144287109e-01 5.094062805175781250e+00 5.073378086090087891e+00
3.042975187301635742e+00 9.785124659538269043e-01 5.096693992614746094e+00 5.075437545776367188e+00
3.044160604476928711e+00 9.779196977615356445e-01 5.099361419677734375e+00 5.077525138854980469e+00
3.045362234115600586e+00 9.773188829421997070e-01 5.102065086364746094e+00 5.079640865325927734e+00
3.046579837799072266e+00 9.767100811004638672e-01 5.104804515838623047e+00 5.081786155700683594e+00
3.047813653945922852e+00 9.760931134223937988e-01 5.107580661773681641e+00 5.083959579467773438e+00
3.049063682556152344e+00 9.754681587219238281e-01 5.110393524169921875e+00 5.086162567138671875e+00
3.050329923629760742e+00 9.748350977897644043e-01 5.113242149353027344e+00 5.088394165039062500e+00
3.051612138748168945e+00 9.741939902305603027e-01 5.116127490997314453e+00 5.090654373168945312e+00
3.052910327911376953e+00 9.735447764396667480e-01 5.119048118591308594e+00 5.092942714691162109e+00
3.054224967956542969e+00 9.728875160217285156e-01 5.122006416320800781e+00 5.095261573791503906e+00
3.055555582046508789e+00 9.722222089767456055e-01 5.125000000000000000e+00 5.097608089447021484e+00
3.056902408599853516e+00 9.715488553047180176e-01 5.128030300140380859e+00 5.099984169006347656e+00
3.058265209197998047e+00 9.708673954010009766e-01 5.131096839904785156e+00 5.102388381958007812e+00
3.059644222259521484e+00 9.701778888702392578e-01 5.134199619293212891e+00 5.104822635650634766e+00
3.061039447784423828e+00 9.694803357124328613e-01 5.137338638305664062e+00 5.107284545898437500e+00
3.062450647354125977e+00 9.687746763229370117e-01 5.140513896942138672e+00 5.109776020050048828e+00
3.063878059387207031e+00 9.680609703063964844e-01 5.143725395202636719e+00 5.112296581268310547e+00
3.065321445465087891e+00 9.673392176628112793e-01 5.146973133087158203e+00 5.114845752716064453e+00
3.066781282424926758e+00 9.666094183921813965e-01 5.150258064270019531e+00 5.117424964904785156e+00
3.068256855010986328e+00 9.658715128898620605e-01 5.153577804565429688e+00 5.120031833648681641e+00
3.069748878479003906e+00 9.651255607604980469e-01 5.156934738159179688e+00 5.122669219970703125e+00
3.071256875991821289e+00 9.643715620040893555e-01 5.160327911376953125e+00 5.125334262847900391e+00
3.072781085968017578e+00 9.636094570159912109e-01 5.163757324218750000e+00 5.128028869628906250e+00
3.074321269989013672e+00 9.628393054008483887e-01 5.167222976684570312e+00 5.130752563476562500e+00
3.075877904891967773e+00 9.620611071586608887e-01 5.170725345611572266e+00 5.133506298065185547e+00
3.077450275421142578e+00 9.612748026847839355e-01 5.174263000488281250e+00 5.136288166046142578e+00
3.079039096832275391e+00 9.604804515838623047e-01 5.177837848663330078e+00 5.139099121093750000e+00
3.080643892288208008e+00 9.596780538558959961e-01 5.181448936462402344e+00 5.141940116882324219e+00
3.082264900207519531e+00 9.588676095008850098e-01 5.185095787048339844e+00 5.144810199737548828e+00
3.083901882171630859e+00 9.580490589141845703e-01 5.188779354095458984e+00 5.147708415985107422e+00
3.085555076599121094e+00 9.572224617004394531e-01 5.192499160766601562e+00 5.150635719299316406e+00
3.087224483489990234e+00 9.563878178596496582e-01 5.196255207061767578e+00 5.153594017028808594e+00
3.088909864425659180e+00 9.555450677871704102e-01 5.200047016143798828e+00 5.156579971313476562e+00
3.090611457824707031e+00 9.546942710876464844e-01 5.203875541687011719e+00 5.159595966339111328e+00
3.092329263687133789e+00 9.538354277610778809e-01 5.207740783691406250e+00 5.162642002105712891e+00
3.094063043594360352e+00 9.529684782028198242e-01 5.211641788482666016e+00 5.165716171264648438e+00
3.095813035964965820e+00 9.520935416221618652e-01 5.215579509735107422e+00 5.168820381164550781e+00
3.097579002380371094e+00 9.512104392051696777e-01 5.219552993774414062e+00 5.171953678131103516e+00
3.099361419677734375e+00 9.503193497657775879e-01 5.223563194274902344e+00 5.175116062164306641e+00
3.101159572601318359e+00 9.494201540946960449e-01 5.227609157562255859e+00 5.178308010101318359e+00
3.102974176406860352e+00 9.485129117965698242e-01 5.231691837310791016e+00 5.181529998779296875e+00
3.104804754257202148e+00 9.475976228713989258e-01 5.235810756683349609e+00 5.184782028198242188e+00
3.106651544570922852e+00 9.466742277145385742e-01 5.239965915679931641e+00 5.188062191009521484e+00
3.108514308929443359e+00 9.457427859306335449e-01 5.244157314300537109e+00 5.191372394561767578e+00
3.110393285751342773e+00 9.448032975196838379e-01 5.248384952545166016e+00 5.194711685180664062e+00
3.112288475036621094e+00 9.438557624816894531e-01 5.252649307250976562e+00 5.198081016540527344e+00
3.114199876785278320e+00 9.429001212120056152e-01 5.256949901580810547e+00 5.201480388641357422e+00
3.116127252578735352e+00 9.419364333152770996e-01 5.261286258697509766e+00 5.204908847808837891e+00
3.118070602416992188e+00 9.409646391868591309e-01 5.265658855438232422e+00 5.208365917205810547e+00
3.120030403137207031e+00 9.399848580360412598e-01 5.270068168640136719e+00 5.211853981018066406e+00
3.122006177902221680e+00 9.389969706535339355e-01 5.274513721466064453e+00 5.215371608734130859e+00
3.123997926712036133e+00 9.380009770393371582e-01 5.278995513916015625e+00 5.218918323516845703e+00
3.126006126403808594e+00 9.369969964027404785e-01 5.283514022827148438e+00 5.222495555877685547e+00
3.128030300140380859e+00 9.359849095344543457e-01 5.288068294525146484e+00 5.226102352142333984e+00
3.130070447921752930e+00 9.349647760391235352e-01 5.292658329010009766e+00 5.229737758636474609e+00
3.132126808166503906e+00 9.339365363121032715e-01 5.297285079956054688e+00 5.233403682708740234e+00
3.134199380874633789e+00 9.329002499580383301e-01 5.301948547363281250e+00 5.237100124359130859e+00
3.136288166046142578e+00 9.318559169769287109e-01 5.306648254394531250e+00 5.240826129913330078e+00
3.138392925262451172e+00 9.308035373687744141e-01 5.311384201049804688e+00 5.244581699371337891e+00
3.140513896942138672e+00 9.297430515289306641e-01 5.316156387329101562e+00 5.248367309570312500e+00
3.142650842666625977e+00 9.286745190620422363e-01 5.320964336395263672e+00 5.252182483673095703e+00
3.144804239273071289e+00 9.275979399681091309e-01 5.325809478759765625e+00 5.256028652191162109e+00
3.146973371505737305e+00 9.265133142471313477e-01 5.330689907073974609e+00 5.259903430938720703e+00
3.149158954620361328e+00 9.254205822944641113e-01 5.335607528686523438e+00 5.263808727264404297e+00
3.151360511779785156e+00 9.243197441101074219e-01 5.340560913085937500e+00 5.267744541168212891e+00
3.153578281402587891e+00 9.232109189033508301e-01 5.345551013946533203e+00 5.271709918975830078e+00
3.155812025070190430e+00 9.220939874649047852e-01 5.350576877593994141e+00 5.275705337524414062e+00
3.158061981201171875e+00 9.209690093994140625e-01 5.355639457702636719e+00 5.279731750488281250e+00
3.160328149795532227e+00 9.198359847068786621e-01 5.360738277435302734e+00 5.283787727355957031e+00
3.162610292434692383e+00 9.186948537826538086e-01 5.365873336791992188e+00 5.287873268127441406e+00
3.164908647537231445e+00 9.175456762313842773e-01 5.371044635772705078e+00 5.291989803314208984e+00
3.167222976684570312e+00 9.163884520530700684e-01 5.376251697540283203e+00 5.296135425567626953e+00
3.169553756713867188e+00 9.152231216430664062e-01 5.381495952606201172e+00 5.300312042236328125e+00
3.171900510787963867e+00 9.140497446060180664e-01 5.386775970458984375e+00 5.304519653320312500e+00
3.174263238906860352e+00 9.128683805465698242e-01 5.392092227935791016e+00 5.308755874633789062e+00
3.176642417907714844e+00 9.116788506507873535e-01 5.397445678710937500e+00 5.313024997711181641e+00
3.179037332534790039e+00 9.104812741279602051e-01 5.402833938598632812e+00 5.317321777343750000e+00
3.181448698043823242e+00 9.092756509780883789e-01 5.408259391784667969e+00 5.321650505065917969e+00
3.183876037597656250e+00 9.080619812011718750e-01 5.413721084594726562e+00 5.326009273529052734e+00
3.186319589614868164e+00 9.068402051925659180e-01 5.419219017028808594e+00 5.330399036407470703e+00
3.188779115676879883e+00 9.056103825569152832e-01 5.424753189086914062e+00 5.334818840026855469e+00
3.191255092620849609e+00 9.043725132942199707e-01 5.430324077606201172e+00 5.339269638061523438e+00
3.193746805191040039e+00 9.031265377998352051e-01 5.435930252075195312e+00 5.343749046325683594e+00
3.196254968643188477e+00 9.018725156784057617e-01 5.441573619842529297e+00 5.348260402679443359e+00
3.198779106140136719e+00 9.006104469299316406e-01 5.447253227233886719e+00 5.352801799774169922e+00
3.201319456100463867e+00 8.993403315544128418e-01 5.452968597412109375e+00 5.357375144958496094e+00
3.203875780105590820e+00 8.980621099472045898e-01 5.458720684051513672e+00 5.361979007720947266e+00
3.206448316574096680e+00 8.967758417129516602e-01 5.464508533477783203e+00 5.366611957550048828e+00
3.209037065505981445e+00 8.954815268516540527e-01 5.470333576202392578e+00 5.371277332305908203e+00
3.211641788482666016e+00 8.941791057586669922e-01 5.476193904876708984e+00 5.375972270965576172e+00
3.214262723922729492e+00 8.928686380386352539e-01 5.482090950012207031e+00 5.380697727203369141e+00
3.216899633407592773e+00 8.915501236915588379e-01 5.488024234771728516e+00 5.385455608367919922e+00
3.219552993774414062e+00 8.902235627174377441e-01 5.493994235992431641e+00 5.390242576599121094e+00
3.222222328186035156e+00 8.888888955116271973e-01 5.500000000000000000e+00 5.395062923431396484e+00
3.224907636642456055e+00 8.875461816787719727e-01 5.506042003631591797e+00 5.399910926818847656e+00
3.227609157562255859e+00 8.861954212188720703e-01 5.512120723724365234e+00 5.404791831970214844e+00
3.230326890945434570e+00 8.848365545272827148e-01 5.518235683441162109e+00 5.409703254699707031e+00
3.233060836791992188e+00 8.834696412086486816e-01 5.524386882781982422e+00 5.414646148681640625e+00
3.235810756683349609e+00 8.820946216583251953e-01 5.530574321746826172e+00 5.419619560241699219e+00
3.238576889038085938e+00 8.807116150856018066e-01 5.536798000335693359e+00 5.424623966217041016e+00
3.241358995437622070e+00 8.793205022811889648e-01 5.543057918548583984e+00 5.429659843444824219e+00
3.244157314300537109e+00 8.779213428497314453e-01 5.549354076385498047e+00 5.434727668762207031e+00
3.246971845626831055e+00 8.765140771865844727e-01 5.555686473846435547e+00 5.439825057983398438e+00
3.249802350997924805e+00 8.750988245010375977e-01 5.562055110931396484e+00 5.444953918457031250e+00
3.252649068832397461e+00 8.736754059791564941e-01 5.568460464477539062e+00 5.450114727020263672e+00
3.255511999130249023e+00 8.722440004348754883e-01 5.574902057647705078e+00 5.455307006835937500e+00
3.258390903472900391e+00 8.708044886589050293e-01 5.581379413604736328e+00 5.460529327392578125e+00
3.261286020278930664e+00 8.693569302558898926e-01 5.587893486022949219e+00 5.465784072875976562e+00
3.264197349548339844e+00 8.679013252258300781e-01 5.594444274902343750e+00 5.471070766448974609e+00
3.267124652862548828e+00 8.664376139640808105e-01 5.601030349731445312e+00 5.476387500762939453e+00
3.270068168640136719e+00 8.649659156799316406e-01 5.607653617858886719e+00 5.481736660003662109e+00
3.273027896881103516e+00 8.634860515594482422e-01 5.614312648773193359e+00 5.487117290496826172e+00
3.276003599166870117e+00 8.619982004165649414e-01 5.621007919311523438e+00 5.492528438568115234e+00
3.278995513916015625e+00 8.605022430419921875e-01 5.627739906311035156e+00 5.497972488403320312e+00
3.282003402709960938e+00 8.589982390403747559e-01 5.634507656097412109e+00 5.503446578979492188e+00
3.285027742385864258e+00 8.574861884117126465e-01 5.641312599182128906e+00 5.508954048156738281e+00
3.288067817687988281e+00 8.559660315513610840e-01 5.648152351379394531e+00 5.514491081237792969e+00
3.291124343872070312e+00 8.544378280639648438e-01 5.655029773712158203e+00 5.520061492919921875e+00
3.294196844100952148e+00 8.529015779495239258e-01 5.661942958831787109e+00 5.525663852691650391e+00
3.297285556793212891e+00 8.513572216033935547e-01 5.668892383575439453e+00 5.531297206878662109e+00
3.300390243530273438e+00 8.498048186302185059e-01 5.675878047943115234e+00 5.536962032318115234e+00
3.303511142730712891e+00 8.482443690299987793e-01 5.682899951934814453e+00 5.542659759521484375e+00
3.306648254394531250e+00 8.466758728027343750e-01 5.689958572387695312e+00 5.548388481140136719e+00
3.309801578521728516e+00 8.450992703437805176e-01 5.697053432464599609e+00 5.554150104522705078e+00
3.312970638275146484e+00 8.435146212577819824e-01 5.704184055328369141e+00 5.559943199157714844e+00
3.316156148910522461e+00 8.419219255447387695e-01 5.711351394653320312e+00 5.565767765045166016e+00
3.319357872009277344e+00 8.403211236000061035e-01 5.718555450439453125e+00 5.571624279022216797e+00
3.322575569152832031e+00 8.387122750282287598e-01 5.725794792175292969e+00 5.577514171600341797e+00
3.325809240341186523e+00 8.370953798294067383e-01 5.733070850372314453e+00 5.583435058593750000e+00
3.329059123992919922e+00 8.354704380035400391e-01 5.740383148193359375e+00 5.589388370513916016e+00
3.332325220108032227e+00 8.338373303413391113e-01 5.747731685638427734e+00 5.595374107360839844e+00
3.335607528686523438e+00 8.321962356567382812e-01 5.755116939544677734e+00 5.601392269134521484e+00
3.338905811309814453e+00 8.305470943450927734e-01 5.762537956237792969e+00 5.607442855834960938e+00
3.342220306396484375e+00 8.288898468017578125e-01 5.769995689392089844e+00 5.613524436950683594e+00
3.345550775527954102e+00 8.272245526313781738e-01 5.777489185333251953e+00 5.619639396667480469e+00
3.348897695541381836e+00 8.255511522293090820e-01 5.785019874572753906e+00 5.625787734985351562e+00
3.352260351181030273e+00 8.238697648048400879e-01 5.792585849761962891e+00 5.631967067718505859e+00
3.355639457702636719e+00 8.221802711486816406e-01 5.800189018249511719e+00 5.638179302215576172e+00
3.359034538269042969e+00 8.204827308654785156e-01 5.807827949523925781e+00 5.644423961639404297e+00
3.362445831298828125e+00 8.187770843505859375e-01 5.815503120422363281e+00 5.650700569152832031e+00
3.365873098373413086e+00 8.170634508132934570e-01 5.823214530944824219e+00 5.657011508941650391e+00
3.369316577911376953e+00 8.153417110443115234e-01 5.830962181091308594e+00 5.663352966308593750e+00
3.372776269912719727e+00 8.136118650436401367e-01 5.838746547698974609e+00 5.669728755950927734e+00
3.376251935958862305e+00 8.118739724159240723e-01 5.846566677093505859e+00 5.676136016845703125e+00
3.379743814468383789e+00 8.101280927658081055e-01 5.854423522949218750e+00 5.682577610015869141e+00
3.383251905441284180e+00 8.083740472793579102e-01 5.862316608428955078e+00 5.689051628112792969e+00
3.386775970458984375e+00 8.066120147705078125e-01 5.870245933532714844e+00 5.695557594299316406e+00
3.390316247940063477e+00 8.048418760299682617e-01 5.878211498260498047e+00 5.702096939086914062e+00
3.393872737884521484e+00 8.030636906623840332e-01 5.886213779449462891e+00 5.708670616149902344e+00
3.397445201873779297e+00 8.012773990631103516e-01 5.894251823425292969e+00 5.715274333953857422e+00
3.401033878326416016e+00 7.994830608367919922e-01 5.902326107025146484e+00 5.721912384033203125e+00
3.404638767242431641e+00 7.976806759834289551e-01 5.910437107086181641e+00 5.728584766387939453e+00
3.408259630203247070e+00 7.958702445030212402e-01 5.918584346771240234e+00 5.735289573669433594e+00
3.411896467208862305e+00 7.940517067909240723e-01 5.926766872406005859e+00 5.742025852203369141e+00
3.415549755096435547e+00 7.922251224517822266e-01 5.934987068176269531e+00 5.748797893524169922e+00
3.419219017028808594e+00 7.903904914855957031e-01 5.943243026733398438e+00 5.755601882934570312e+00
3.422904491424560547e+00 7.885477542877197266e-01 5.951535224914550781e+00 5.762439250946044922e+00
3.426605939865112305e+00 7.866969704627990723e-01 5.959863185882568359e+00 5.769309043884277344e+00
3.430323600769042969e+00 7.848381400108337402e-01 5.968228340148925781e+00 5.776213645935058594e+00
3.434057474136352539e+00 7.829712629318237305e-01 5.976629257202148438e+00 5.783151626586914062e+00
3.437807559967041016e+00 7.810962796211242676e-01 5.985066890716552734e+00 5.790122509002685547e+00
3.441573619842529297e+00 7.792132496833801270e-01 5.993540763854980469e+00 5.797127723693847656e+00
3.445355653762817383e+00 7.773221135139465332e-01 6.002050399780273438e+00 5.804165840148925781e+00
3.449154138565063477e+00 7.754229903221130371e-01 6.010596752166748047e+00 5.811237335205078125e+00
3.452968597412109375e+00 7.735157608985900879e-01 6.019179344177246094e+00 5.818342685699462891e+00
3.456799030303955078e+00 7.716004848480224609e-01 6.027797698974609375e+00 5.825481414794921875e+00
3.460645675659179688e+00 7.696771025657653809e-01 6.036452770233154297e+00 5.832653999328613281e+00
3.464508533477783203e+00 7.677456736564636230e-01 6.045144081115722656e+00 5.839860916137695312e+00
3.468387603759765625e+00 7.658061981201171875e-01 6.053872108459472656e+00 5.847101211547851562e+00
3.472282648086547852e+00 7.638586759567260742e-01 6.062635898590087891e+00 5.854375839233398438e+00
3.476193904876708984e+00 7.619030475616455078e-01 6.071436405181884766e+00 5.861684322357177734e+00
3.480121374130249023e+00 7.599393725395202637e-01 6.080273151397705078e+00 5.869027137756347656e+00
3.484064817428588867e+00 7.579675912857055664e-01 6.089145660400390625e+00 5.876402854919433594e+00
3.488024473190307617e+00 7.559878230094909668e-01 6.098054885864257812e+00 5.883814811706542969e+00
3.492000102996826172e+00 7.539999485015869141e-01 6.107000350952148438e+00 5.891258239746093750e+00
3.495991945266723633e+00 7.520039677619934082e-01 6.115982055664062500e+00 5.898736953735351562e+00
3.500000000000000000e+00 7.500000000000000000e-01 6.125000000000000000e+00 5.906249523162841797e+00
