3.157846450805664062e+00 4.187521338462829590e-01 2.480504035949707031e+00 3.096480369567871094e+00
3.144693374633789062e+00 4.289450943470001221e-01 2.500905990600585938e+00 3.156052827835083008e+00
3.131484508514404297e+00 4.391476511955261230e-01 2.521677732467651367e+00 3.214707374572753906e+00
3.118251323699951172e+00 4.493558108806610107e-01 2.542834997177124023e+00 3.272413969039916992e+00
3.105022668838500977e+00 4.595653414726257324e-01 2.564392089843750000e+00 3.329139709472656250e+00
3.091828346252441406e+00 4.697723090648651123e-01 2.586364507675170898e+00 3.384858131408691406e+00
3.078697204589843750e+00 4.799729287624359131e-01 2.608766078948974609e+00 3.439546108245849609e+00
3.065658569335937500e+00 4.901636242866516113e-01 2.631611347198486328e+00 3.493183374404907227e+00
3.052739143371582031e+00 5.003409385681152344e-01 2.654914379119873047e+00 3.545751571655273438e+00
3.039966583251953125e+00 5.105014443397521973e-01 2.678688049316406250e+00 3.597233533859252930e+00
3.027367115020751953e+00 5.206421613693237305e-01 2.702946662902832031e+00 3.647619962692260742e+00
3.014966011047363281e+00 5.307598114013671875e-01 2.727701425552368164e+00 3.696899414062500000e+00
3.002787828445434570e+00 5.408516526222229004e-01 2.752965927124023438e+00 3.745066165924072266e+00
2.990855216979980469e+00 5.509149432182312012e-01 2.778750658035278320e+00 3.792112350463867188e+00
2.979191780090332031e+00 5.609468817710876465e-01 2.805067539215087891e+00 3.838037729263305664e+00
2.967818737030029297e+00 5.709452033042907715e-01 2.831927776336669922e+00 3.882842302322387695e+00
2.956756114959716797e+00 5.809074044227600098e-01 2.859340667724609375e+00 3.926525115966796875e+00
2.946023941040039062e+00 5.908313393592834473e-01 2.887316703796386719e+00 3.969090938568115234e+00
2.935639858245849609e+00 6.007146835327148438e-01 2.915863990783691406e+00 4.010544776916503906e+00
2.925621986389160156e+00 6.105556488037109375e-01 2.944992780685424805e+00 4.050893306732177734e+00
2.915986537933349609e+00 6.203520894050598145e-01 2.974709987640380859e+00 4.090144157409667969e+00
2.906748294830322266e+00 6.301023364067077637e-01 3.005023479461669922e+00 4.128307819366455078e+00
2.897922277450561523e+00 6.398046612739562988e-01 3.035941362380981445e+00 4.165394306182861328e+00
2.889521598815917969e+00 6.494573950767517090e-01 3.067469120025634766e+00 4.201416015625000000e+00
2.881559371948242188e+00 6.590591669082641602e-01 3.099614143371582031e+00 4.236387729644775391e+00
2.874046087265014648e+00 6.686081290245056152e-01 3.132381200790405273e+00 4.270319938659667969e+00
2.866993188858032227e+00 6.781033277511596680e-01 3.165776252746582031e+00 4.303232192993164062e+00
2.860410690307617188e+00 6.875432133674621582e-01 3.199803829193115234e+00 4.335138320922851562e+00
2.854307174682617188e+00 6.969267129898071289e-01 3.234469175338745117e+00 4.366055011749267578e+00
2.848690986633300781e+00 7.062526345252990723e-01 3.269775390625000000e+00 4.395999431610107422e+00
2.843569278717041016e+00 7.155197262763977051e-01 3.305727005004882812e+00 4.424989700317382812e+00
2.838949680328369141e+00 7.247273325920104980e-01 3.342327356338500977e+00 4.453045845031738281e+00
2.834837675094604492e+00 7.338740825653076172e-01 3.379578828811645508e+00 4.480185508728027344e+00
2.831238746643066406e+00 7.429593205451965332e-01 3.417484760284423828e+00 4.506429195404052734e+00
2.828157901763916016e+00 7.519820928573608398e-01 3.456047534942626953e+00 4.531795501708984375e+00
2.825598716735839844e+00 7.609415054321289062e-01 3.495268821716308594e+00 4.556304931640625000e+00
2.823565244674682617e+00 7.698370218276977539e-01 3.535150766372680664e+00 4.579979419708251953e+00
2.822060346603393555e+00 7.786676883697509766e-01 3.575694322586059570e+00 4.602837085723876953e+00
2.821087121963500977e+00 7.874330282211303711e-01 3.616902112960815430e+00 4.624900817871093750e+00
2.820647239685058594e+00 7.961321473121643066e-01 3.658773660659790039e+00 4.646190643310546875e+00
2.820742607116699219e+00 8.047647476196289062e-01 3.701311111450195312e+00 4.666729450225830078e+00
2.821373939514160156e+00 8.133299946784973145e-01 3.744513750076293945e+00 4.686535835266113281e+00
2.822542428970336914e+00 8.218275308609008789e-01 3.788382768630981445e+00 4.705631732940673828e+00
2.824248552322387695e+00 8.302567601203918457e-01 3.832918643951416016e+00 4.724039077758789062e+00
2.826492547988891602e+00 8.386172652244567871e-01 3.878120899200439453e+00 4.741779804229736328e+00
2.829274415969848633e+00 8.469086885452270508e-01 3.923990011215209961e+00 4.758873939514160156e+00
2.832592964172363281e+00 8.551303744316101074e-01 3.970525026321411133e+00 4.775343894958496094e+00
2.836448192596435547e+00 8.632822036743164062e-01 4.017726421356201172e+00 4.791210174560546875e+00
2.840838909149169922e+00 8.713635802268981934e-01 4.065592765808105469e+00 4.806493282318115234e+00
2.845763444900512695e+00 8.793742656707763672e-01 4.114123344421386719e+00 4.821215629577636719e+00
2.851220607757568359e+00 8.873140811920166016e-01 4.163319110870361328e+00 4.835397720336914062e+00
2.857208728790283203e+00 8.951824307441711426e-01 4.213177204132080078e+00 4.849058151245117188e+00
2.863726139068603516e+00 9.029793739318847656e-01 4.263698101043701172e+00 4.862224102020263672e+00
2.870770454406738281e+00 9.107043147087097168e-01 4.314879894256591797e+00 4.874908924102783203e+00
2.878339767456054688e+00 9.183573722839355469e-01 4.366722106933593750e+00 4.887137889862060547e+00
2.886431455612182617e+00 9.259380698204040527e-01 4.419223308563232422e+00 4.898929119110107422e+00
2.895043373107910156e+00 9.334461688995361328e-01 4.472382068634033203e+00 4.910303592681884766e+00
2.904172897338867188e+00 9.408817887306213379e-01 4.526197433471679688e+00 4.921282291412353516e+00
2.913816928863525391e+00 9.482444524765014648e-01 4.580667972564697266e+00 4.931883811950683594e+00
2.923973798751831055e+00 9.555342793464660645e-01 4.635792732238769531e+00 4.942130565643310547e+00
2.934639453887939453e+00 9.627508521080017090e-01 4.691569328308105469e+00 4.952039718627929688e+00
2.945811271667480469e+00 9.698941707611083984e-01 4.747996807098388672e+00 4.961630821228027344e+00
2.957486629486083984e+00 9.769641757011413574e-01 4.805073261260986328e+00 4.970924854278564453e+00
2.969662189483642578e+00 9.839606881141662598e-01 4.862798213958740234e+00 4.979938983917236328e+00
2.982335329055786133e+00 9.908838272094726562e-01 4.921169757843017578e+00 4.988697528839111328e+00
2.995501756668090820e+00 9.977331757545471191e-01 4.980184555053710938e+00 4.997210979461669922e+00
3.009159564971923828e+00 1.004509091377258301e+00 5.039844512939453125e+00 5.005505561828613281e+00
3.023304939270019531e+00 1.011211276054382324e+00 5.100145339965820312e+00 5.013598442077636719e+00
3.037934303283691406e+00 1.017839431762695312e+00 5.161084175109863281e+00 5.021503448486328125e+00
3.053045272827148438e+00 1.024394273757934570e+00 5.222663402557373047e+00 5.029244899749755859e+00
3.068634271621704102e+00 1.030875325202941895e+00 5.284879684448242188e+00 5.036839485168457031e+00
3.084697246551513672e+00 1.037282347679138184e+00 5.347729206085205078e+00 5.044302463531494141e+00
3.101231813430786133e+00 1.043615937232971191e+00 5.411212444305419922e+00 5.051654338836669922e+00
3.118234634399414062e+00 1.049875974655151367e+00 5.475328445434570312e+00 5.058913230895996094e+00
3.135702133178710938e+00 1.056062340736389160e+00 5.540074348449707031e+00 5.066096782684326172e+00
3.153630733489990234e+00 1.062174797058105469e+00 5.605447769165039062e+00 5.073219299316406250e+00
3.172018051147460938e+00 1.068214058876037598e+00 5.671449184417724609e+00 5.080302238464355469e+00
3.190860509872436523e+00 1.074179887771606445e+00 5.738075256347656250e+00 5.087360858917236328e+00
3.210154294967651367e+00 1.080072283744812012e+00 5.805324077606201172e+00 5.094412803649902344e+00
3.229897022247314453e+00 1.085891604423522949e+00 5.873196601867675781e+00 5.101476192474365234e+00
3.250085353851318359e+00 1.091637849807739258e+00 5.941689014434814453e+00 5.108565330505371094e+00
3.270715475082397461e+00 1.097311019897460938e+00 6.010799884796142578e+00 5.115698814392089844e+00
3.291784286499023438e+00 1.102911114692687988e+00 6.080527305603027344e+00 5.122891902923583984e+00
3.313289403915405273e+00 1.108438730239868164e+00 6.150871753692626953e+00 5.130162239074707031e+00
3.335227489471435547e+00 1.113893747329711914e+00 6.221829891204833984e+00 5.137526512145996094e+00
3.357594966888427734e+00 1.119276285171508789e+00 6.293399333953857422e+00 5.144999980926513672e+00
3.380389451980590820e+00 1.124586701393127441e+00 6.365581989288330078e+00 5.152599334716796875e+00
3.403607845306396484e+00 1.129824995994567871e+00 6.438373565673828125e+00 5.160340309143066406e+00
3.427246809005737305e+00 1.134991645812988281e+00 6.511773109436035156e+00 5.168238639831542969e+00
3.451302528381347656e+00 1.140086293220520020e+00 6.585777282714843750e+00 5.176309585571289062e+00
3.475774288177490234e+00 1.145109772682189941e+00 6.660389423370361328e+00 5.184572219848632812e+00
3.500657796859741211e+00 1.150062084197998047e+00 6.735603809356689453e+00 5.193037033081054688e+00
3.525949954986572266e+00 1.154943227767944336e+00 6.811420440673828125e+00 5.201722621917724609e+00
3.551648855209350586e+00 1.159753918647766113e+00 6.887838363647460938e+00 5.210644245147705078e+00
3.577751159667968750e+00 1.164494037628173828e+00 6.964856147766113281e+00 5.219816207885742188e+00
3.604254484176635742e+00 1.169164061546325684e+00 7.042471885681152344e+00 5.229254722595214844e+00
3.631155014038085938e+00 1.173763871192932129e+00 7.120682716369628906e+00 5.238973617553710938e+00
3.658451557159423828e+00 1.178294301033020020e+00 7.199491024017333984e+00 5.248988151550292969e+00
3.686141014099121094e+00 1.182755351066589355e+00 7.278892993927001953e+00 5.259313583374023438e+00
3.714219808578491211e+00 1.187147259712219238e+00 7.358886718750000000e+00 5.269964694976806641e+00
3.742686271667480469e+00 1.191470503807067871e+00 7.439472198486328125e+00 5.280955314636230469e+00
3.771538257598876953e+00 1.195725440979003906e+00 7.520648956298828125e+00 5.292301177978515625e+00
3.800772190093994141e+00 1.199912071228027344e+00 7.602413177490234375e+00 5.304016113281250000e+00
3.830386161804199219e+00 1.204031109809875488e+00 7.684765815734863281e+00 5.316114425659179688e+00
3.860378265380859375e+00 1.208082914352416992e+00 7.767705917358398438e+00 5.328611373901367188e+00
3.890745162963867188e+00 1.212067484855651855e+00 7.851231098175048828e+00 5.341519355773925781e+00
3.921484231948852539e+00 1.215985298156738281e+00 7.935338020324707031e+00 5.354852199554443359e+00
3.952594757080078125e+00 1.219836950302124023e+00 8.020030021667480469e+00 5.368628501892089844e+00
3.984072923660278320e+00 1.223622679710388184e+00 8.105303764343261719e+00 5.382856369018554688e+00
4.015916824340820312e+00 1.227342724800109863e+00 8.191157341003417969e+00 5.397552013397216797e+00
4.048124313354492188e+00 1.230997920036315918e+00 8.277591705322265625e+00 5.412730216979980469e+00
4.080693721771240234e+00 1.234588265419006348e+00 8.364603042602539062e+00 5.428403854370117188e+00
4.113622188568115234e+00 1.238114237785339355e+00 8.452192306518554688e+00 5.444586277008056641e+00
4.146906852722167969e+00 1.241576075553894043e+00 8.540357589721679688e+00 5.461289405822753906e+00
4.180547714233398438e+00 1.244974732398986816e+00 8.629098892211914062e+00 5.478529930114746094e+00
4.214541435241699219e+00 1.248310327529907227e+00 8.718414306640625000e+00 5.496320724487304688e+00
4.248885154724121094e+00 1.251583099365234375e+00 8.808300971984863281e+00 5.514670372009277344e+00
4.283578395843505859e+00 1.254793882369995117e+00 8.898761749267578125e+00 5.533597946166992188e+00
4.318618297576904297e+00 1.257942914962768555e+00 8.989793777465820312e+00 5.553114414215087891e+00
4.354003429412841797e+00 1.261030673980712891e+00 9.081395149230957031e+00 5.573230743408203125e+00
4.389730930328369141e+00 1.264057517051696777e+00 9.173564910888671875e+00 5.593962669372558594e+00
4.425800323486328125e+00 1.267023921012878418e+00 9.266304969787597656e+00 5.615322113037109375e+00
4.462208271026611328e+00 1.269930839538574219e+00 9.359610557556152344e+00 5.637321949005126953e+00
4.498953342437744141e+00 1.272778034210205078e+00 9.453483581542968750e+00 5.659973621368408203e+00
4.536034584045410156e+00 1.275566458702087402e+00 9.547922134399414062e+00 5.683291912078857422e+00
4.573449134826660156e+00 1.278296470642089844e+00 9.642925262451171875e+00 5.707287788391113281e+00
4.611196517944335938e+00 1.280968546867370605e+00 9.738492012023925781e+00 5.731976032257080078e+00
4.649273395538330078e+00 1.283583045005798340e+00 9.834620475769042969e+00 5.757365226745605469e+00
4.687679290771484375e+00 1.286140799522399902e+00 9.931311607360839844e+00 5.783470153808593750e+00
4.726412296295166016e+00 1.288642168045043945e+00 1.002856445312500000e+01 5.810303688049316406e+00
4.765469074249267578e+00 1.291087269783020020e+00 1.012637615203857422e+01 5.837874889373779297e+00
4.804851531982421875e+00 1.293477416038513184e+00 1.022474956512451172e+01 5.866201400756835938e+00
4.844554901123046875e+00 1.295812487602233887e+00 1.032368183135986328e+01 5.895290374755859375e+00
4.884579181671142578e+00 1.298093199729919434e+00 1.042317199707031250e+01 5.925156116485595703e+00
4.924921512603759766e+00 1.300319910049438477e+00 1.052321624755859375e+01 5.955807685852050781e+00
4.965581893920898438e+00 1.302493453025817871e+00 1.062381935119628906e+01 5.987260818481445312e+00
5.006558418273925781e+00 1.304614305496215820e+00 1.072497844696044922e+01 6.019526958465576172e+00
5.047848224639892578e+00 1.306682586669921875e+00 1.082669067382812500e+01 6.052613258361816406e+00
5.089451789855957031e+00 1.308699250221252441e+00 1.092895793914794922e+01 6.086538314819335938e+00
5.131367683410644531e+00 1.310665011405944824e+00 1.103178024291992188e+01 6.121310234069824219e+00
5.173592567443847656e+00 1.312579751014709473e+00 1.113515472412109375e+01 6.156939506530761719e+00
5.216125965118408203e+00 1.314444303512573242e+00 1.123907947540283203e+01 6.193437576293945312e+00
5.258966922760009766e+00 1.316259384155273438e+00 1.134355640411376953e+01 6.230817794799804688e+00
5.302114009857177734e+00 1.318025350570678711e+00 1.144858551025390625e+01 6.269092082977294922e+00
5.345565319061279297e+00 1.319742798805236816e+00 1.155416202545166016e+01 6.308267593383789062e+00
5.389320373535156250e+00 1.321412324905395508e+00 1.166028881072998047e+01 6.348361968994140625e+00
5.433377265930175781e+00 1.323034405708312988e+00 1.176696491241455078e+01 6.389381408691406250e+00
5.477735996246337891e+00 1.324609518051147461e+00 1.187419033050537109e+01 6.431339263916015625e+00
5.522392272949218750e+00 1.326137900352478027e+00 1.198196029663085938e+01 6.474245071411132812e+00
5.567348003387451172e+00 1.327620863914489746e+00 1.209027957916259766e+01 6.518111228942871094e+00
5.612601280212402344e+00 1.329058527946472168e+00 1.219914531707763672e+01 6.562951087951660156e+00
5.658149719238281250e+00 1.330451130867004395e+00 1.230855464935302734e+01 6.608769416809082031e+00
5.703993320465087891e+00 1.331799745559692383e+00 1.241850948333740234e+01 6.655582427978515625e+00
5.750130176544189453e+00 1.333104729652404785e+00 1.252901077270507812e+01 6.703401565551757812e+00
5.796560287475585938e+00 1.334366321563720703e+00 1.264005470275878906e+01 6.752234458923339844e+00
5.843280315399169922e+00 1.335585117340087891e+00 1.275164031982421875e+01 6.802089214324951172e+00
5.890292167663574219e+00 1.336762189865112305e+00 1.286377143859863281e+01 6.852984428405761719e+00
5.937592506408691406e+00 1.337897777557373047e+00 1.297644424438476562e+01 6.904928207397460938e+00
5.985180854797363281e+00 1.338991880416870117e+00 1.308965778350830078e+01 6.957926273345947266e+00
6.033056735992431641e+00 1.340045690536499023e+00 1.320341491699218750e+01 7.011995315551757812e+00
6.081218242645263672e+00 1.341059684753417969e+00 1.331771183013916016e+01 7.067142963409423828e+00
6.129665374755859375e+00 1.342033863067626953e+00 1.343254852294921875e+01 7.123379707336425781e+00
6.178395748138427734e+00 1.342969179153442383e+00 1.354792308807373047e+01 7.180716514587402344e+00
6.227409839630126953e+00 1.343866109848022461e+00 1.366383934020996094e+01 7.239166736602783203e+00
6.276705741882324219e+00 1.344725131988525391e+00 1.378029346466064453e+01 7.298736572265625000e+00
6.326282501220703125e+00 1.345546483993530273e+00 1.389728546142578125e+01 7.359436988830566406e+00
6.376140117645263672e+00 1.346331119537353516e+00 1.401481723785400391e+01 7.421281337738037109e+00
6.426277160644531250e+00 1.347079396247863770e+00 1.413288593292236328e+01 7.484279155731201172e+00
6.476692676544189453e+00 1.347791790962219238e+00 1.425149059295654297e+01 7.548440933227539062e+00
6.527384757995605469e+00 1.348468542098999023e+00 1.437063026428222656e+01 7.613772392272949219e+00
6.578354358673095703e+00 1.349110484123229980e+00 1.449030780792236328e+01 7.680290222167968750e+00
6.629600524902343750e+00 1.349718213081359863e+00 1.461052227020263672e+01 7.748003005981445312e+00
6.681119441986083984e+00 1.350291728973388672e+00 1.473126888275146484e+01 7.816915512084960938e+00
6.732914447784423828e+00 1.350831866264343262e+00 1.485255336761474609e+01 7.887049198150634766e+00
6.784982681274414062e+00 1.351338982582092285e+00 1.497437095642089844e+01 7.958404541015625000e+00
6.837323188781738281e+00 1.351813793182373047e+00 1.509672260284423828e+01 8.030997276306152344e+00
6.889934062957763672e+00 1.352256417274475098e+00 1.521960544586181641e+01 8.104829788208007812e+00
6.942817687988281250e+00 1.352667331695556641e+00 1.534302425384521484e+01 8.179923057556152344e+00
6.995971679687500000e+00 1.353047370910644531e+00 1.546697711944580078e+01 8.256282806396484375e+00
7.049393653869628906e+00 1.353396773338317871e+00 1.559145927429199219e+01 8.333914756774902344e+00
7.103085041046142578e+00 1.353716015815734863e+00 1.571647453308105469e+01 8.412836074829101562e+00
7.157044887542724609e+00 1.354005455970764160e+00 1.584202289581298828e+01 8.493054389953613281e+00
7.211271762847900391e+00 1.354265689849853516e+00 1.596810150146484375e+01 8.574575424194335938e+00
7.265764713287353516e+00 1.354496955871582031e+00 1.609470939636230469e+01 8.657415390014648438e+00
7.320524215698242188e+00 1.354699969291687012e+00 1.622185134887695312e+01 8.741580009460449219e+00
7.375549316406250000e+00 1.354875087738037109e+00 1.634952163696289062e+01 8.827085494995117188e+00
7.430837631225585938e+00 1.355022430419921875e+00 1.647772216796875000e+01 8.913934707641601562e+00
7.486390590667724609e+00 1.355142831802368164e+00 1.660645294189453125e+01 9.002143859863281250e+00
7.542207717895507812e+00 1.355236768722534180e+00 1.673571395874023438e+01 9.091720581054687500e+00
7.598286628723144531e+00 1.355304360389709473e+00 1.686550140380859375e+01 9.182674407958984375e+00
7.654626846313476562e+00 1.355345606803894043e+00 1.699581909179687500e+01 9.275011062622070312e+00
7.711229801177978516e+00 1.355361938476562500e+00 1.712666511535644531e+01 9.368750572204589844e+00
7.768093109130859375e+00 1.355353236198425293e+00 1.725804138183593750e+01 9.463899612426757812e+00
7.825215816497802734e+00 1.355319499969482422e+00 1.738994026184082031e+01 9.560459136962890625e+00
7.882599353790283203e+00 1.355261802673339844e+00 1.752236938476562500e+01 9.658452033996582031e+00
7.940241813659667969e+00 1.355180263519287109e+00 1.765532875061035156e+01 9.757885932922363281e+00
7.998142719268798828e+00 1.355075359344482422e+00 1.778881072998046875e+01 9.858765602111816406e+00
8.056300163269042969e+00 1.354947090148925781e+00 1.792282104492187500e+01 9.961098670959472656e+00
8.114717483520507812e+00 1.354796171188354492e+00 1.805735778808593750e+01 1.006490516662597656e+01
