0.953371946683277 0.00461330634465769 0.0432339320600434 0.00461330634465769 1.06089282416456 -0.00276450333966391 0.0432339320600434 -0.00276450333966391 0.990693341347457
0.945258491862582 0.00545414447317188 0.0509045165363533 0.00545414447317188 1.07247689752348 -0.00326569380967013 0.0509045165363533 -0.00326569380967013 0.98920118008638
0.937280209669698 0.00629331147276127 0.0584943991744951 0.00629331147276127 1.08418837464143 -0.00376505101074824 0.0584943991744951 -0.00376505101074824 0.987774437382677
0.929435241591852 0.00713094569638446 0.0660048304563393 0.00713094569638446 1.09602864365553 -0.00426265726065285 0.0660048304563393 -0.00426265726065285 0.986412334130539
0.921721755913524 0.00796718478176309 0.0734370433490859 0.00796718478176309 1.10799910801332 -0.00475859431025568 0.0734370433490859 -0.00475859431025568 0.985114102887232
0.914137947335348 0.00880216567539544 0.0807922535561832 0.00880216567539544 1.120101186639 -0.00525294335826777 0.0807922535561832 -0.00525294335826777 0.983878987708643
0.906682036598462 0.00963602465637984 0.0880716597646733 0.00963602465637984 1.13233631410142 -0.00574578506582283 0.0880716597646733 -0.00574578506582283 0.982706243987177
0.899352270114225 0.0104688973600513 0.0952764438890049 0.0104688973600513 1.14470594078405 -0.00623719957092676 0.0952764438890049 -0.00623719957092676 0.98159513829198
0.892146919599232 0.0113009188014326 0.102407771311371 0.0113009188014326 1.15721153305673 -0.00672726650277419 0.102407771311371 -0.00672726650277419 0.980544948211451
0.88506428171554 0.0121322233985117 0.109466791118619 0.0121322233985117 1.16985457344934 -0.00721606499593695 0.109466791118619 -0.00721606499593695 0.979554962197998
0.878102677716038 0.0129629449953426 0.116454636335778 0.0129629449953426 1.18263656082746 -0.00770367370442457 0.116454636335778 -0.00770367370442457 0.978624479415032
0.871260453094887 0.0137932168849761 0.123372424156263 0.0137932168849761 1.19555901056987 -0.00819017081562156 0.123372424156263 -0.00819017081562156 0.977752809586143
0.86453597724296 0.0146231718322243 0.130221256168785 0.0146231718322243 1.2086234547481 -0.00867563406410287 0.130221256168785 -0.00867563406410287 0.976939272846438
0.857927643108198 0.0154529420962638 0.137002218581033 0.0154529420962638 1.22183144230795 -0.00916014074533076 0.137002218581033 -0.00916014074533076 0.976183199596011
0.851433866860835 0.0162826594530864 0.143716382440165 0.0162826594530864 1.23518453925295 -0.00964376772923529 0.143716382440165 -0.00964376772923529 0.975483930355507
0.845053087563395 0.0171124552177876 0.150364803850148 0.0171124552177876 1.24868432882994 -0.0101265914736809 0.150364803850148 -0.0101265914736809 0.974840815623763
0.838783766845419 0.0179424602667104 0.156948524186004 0.0179424602667104 1.26233241171667 -0.0106086880378219 0.156948524186004 -0.0106086880378219 0.974253215737478
0.832624388582837 0.0187728050594468 0.163468570304998 0.0187728050594468 1.27613040621142 -0.0110901330953493 0.163468570304998 -0.0110901330953493 0.973720500732907
0.826573458581923 0.0196036196606917 0.169925954754817 0.0196036196606917 1.29007994842481 -0.0115710019476306 0.169925954754817 -0.0115710019476306 0.97324205020952
0.820629504267775 0.0204350337619618 0.17632167597877 0.0204350337619618 1.30418269247365 -0.0120513695367465 0.17632167597877 -0.0120513695367465 0.972817253195635
0.81479107437724 0.0212671767031826 0.182656718518077 0.0212671767031826 1.31844031067694 -0.0125313104584261 0.182656718518077 -0.0125313104584261 0.972445508015955
0.809056738656245 0.0221001774941424 0.188932053211254 0.0221001774941424 1.33285449375413 -0.0130108989748818 0.188932053211254 -0.0130108989748818 0.972126222161024
0.803425087561441 0.0229341648358253 0.195148637390674 0.0229341648358253 1.34742695102539 -0.0134902090275484 0.195148637390674 -0.0134902090275484 0.971858812158536
0.797894731966122 0.0237692671416113 0.201307415076307 0.0237692671416113 1.36215941061428 -0.0139693142497284 0.201307415076307 -0.0139693142497284 0.971642703446507
0.792464302870355 0.0246056125583725 0.207409317166708 0.0246056125583725 1.37705361965251 -0.014448287979143 0.207409317166708 -0.014448287979143 0.971477330248246
0.78713245111524 0.0254433289874438 0.213455261627277 0.0254433289874438 1.39211134448707 -0.0149272032703948 0.213455261627277 -0.0149272032703948 0.971362135449135
0.781897847101279 0.0262825441054833 0.219446153675831 0.0262825441054833 1.40733437088955 -0.0154061329073437 0.219446153675831 -0.0154061329073437 0.971296570475169
0.776759180510753 0.0271233853852334 0.225382885965538 0.0271233853852334 1.42272450426783 -0.0158851494153941 0.225382885965538 -0.0158851494153941 0.971280095173235
0.771715160034084 0.0279659801161656 0.231266338765228 0.0279659801161656 1.43828356988008 -0.0163643250737029 0.231266338765228 -0.0163643250737029 0.97131217769311
0.766764513100109 0.0288104554250344 0.237097380137149 0.0288104554250344 1.45401341305115 -0.0168437319273042 0.237097380137149 -0.0168437319273042 0.971392294371158
0.761905985610209 0.0296569382963339 0.242876866112172 0.0296569382963339 1.46991589939129 -0.0173234417991552 0.242876866112172 -0.0173234417991552 0.971519929615688
0.757138341676245 0.0305055555926549 0.248605640862509 0.0305055555926549 1.48599291501733 -0.0178035263021061 0.248605640862509 -0.0178035263021061 0.971694575793954
0.752460363362247 0.0313564340749582 0.254284536871959 0.0313564340749582 1.50224636677628 -0.0182840568507961 0.254284536871959 -0.0182840568507961 0.971915733120788
0.747870850429797 0.0322097004227582 0.259914375103731 0.0322097004227582 1.51867818247137 -0.0187651046734753 0.259914375103731 -0.0187651046734753 0.972182909548818
0.743368620087045 0.0330654812542286 0.265495965165872 0.0330654812542286 1.53529031109066 -0.0192467408237575 0.265495965165872 -0.0192467408237575 0.972495620660271
0.738952506741344 0.0339239031462232 0.271030105474335 0.0339239031462232 1.55208472303804 -0.0197290361923054 0.271030105474335 -0.0197290361923054 0.972853389560323
0.734621361755397 0.0347850926542208 0.276517583413719 0.0347850926542208 1.56906341036691 -0.0202120615184471 0.276517583413719 -0.0202120615184471 0.973255746771986
0.730374053206908 0.0356491763322045 0.281959175495723 0.0356491763322045 1.58622838701632 -0.0206958874017323 0.281959175495723 -0.0206958874017323 0.973702230132492
0.726209465651678 0.0365162807524631 0.287355647515331 0.0365162807524631 1.6035816890498 -0.0211805843134223 0.287355647515331 -0.0211805843134223 0.974192384691183
0.722126499890079 0.0373865325253333 0.292707754704778 0.0373865325253333 1.62112537489675 -0.0216662226079238 0.292707754704778 -0.0216662226079238 0.974725762608847
0.718124072736883 0.0382600583188745 0.298016241885311 0.0382600583188745 1.63886152559653 -0.0221528725341611 0.298016241885311 -0.0221528725341611 0.975301923058518
0.714201116794386 0.0391369848784894 0.303281843616797 0.0391369848784894 1.65679224504523 -0.0226406042468953 0.303281843616797 -0.0226406042468953 0.975920432127684
0.71035658022877 0.0400174390464834 0.308505284345183 0.0400174390464834 1.67491966024513 -0.0231294878179873 0.308505284345183 -0.0231294878179873 0.976580862721915
0.706589426549683 0.0409015477815712 0.313687278547865 0.0409015477815712 1.69324592155694 -0.0236195932476099 0.313687278547865 -0.0236195932476099 0.977282794469864
0.702898634392962 0.0417894381783433 0.318828530876975 0.0417894381783433 1.71177320295478 -0.0241109904754076 0.318828530876975 -0.0241109904754076 0.978025813629641
0.699283197306477 0.0426812374866731 0.323929736300631 0.0426812374866731 1.73050370228402 -0.0246037493916119 0.323929736300631 -0.0246037493916119 0.97880951299652
0.695742123539039 0.0435770731310901 0.328991580242168 0.0435770731310901 1.74943964152189 -0.0250979398481054 0.328991580242168 -0.0250979398481054 0.979633491811996
0.692274435832333 0.0444770727301107 0.33401473871738 0.0444770727301107 1.768583267041 -0.0255936316694462 0.33401473871738 -0.0255936316694462 0.980497355674118
0.688879171215832 0.0453813641155289 0.338999878469814 0.0453813641155289 1.78793684987573 -0.0260908946638448 0.338999878469814 -0.0260908946638448 0.98140071644914
0.685555380804648 0.0462900753516778 0.343947657104126 0.0462900753516778 1.80750268599159 -0.0265897986341046 0.343947657104126 -0.0265897986341046 0.982343192184423
