0.978060520707958 -0.0075462981232477 0.0485084206580619 -0.0075462981232477 1.01779780080779 -0.0471111111760238 0.0485084206580619 -0.0471111111760238 1.00916236505476
0.974347059407857 -0.00917607049545864 0.0573821971668874 -0.00917607049545864 1.02134471377047 -0.0559348831816291 0.0573821971668874 -0.0559348831816291 1.01134858849303
0.970730702048424 -0.0108821300955677 0.0662485655888051 -0.0108821300955677 1.02497990572506 -0.0648153265732336 0.0662485655888051 -0.0648153265732336 1.0136924396263
0.967211062735507 -0.0126647670164656 0.0751090357666415 -0.0126647670164656 1.02870422565 -0.0737539532359494 0.0751090357666415 -0.0737539532359494 1.01619454715456
0.963787771067315 -0.0145242846702491 0.0839651185908603 -0.0145242846702491 1.03251853840602 -0.0827522869225559 0.0839651185908603 -0.0827522869225559 1.01885556703119
0.960460472094181 -0.0164609998570824 0.0928183262532385 -0.0164609998570824 1.03642372490268 -0.0918118635241166 0.0928183262532385 -0.0918118635241166 1.02167618261014
0.957228826280856 -0.0184752428363902 0.101670172501108 -0.0184752428363902 1.04042068226776 -0.100934231342989 0.101670172501108 -0.100934231342989 1.02465710479795
0.954092509471313 -0.0205673574003934 0.110522172892209 -0.0205673574003934 1.04451032401966 -0.110120951368291 0.110522172892209 -0.110120951368291 1.02779907221045
0.951051212856077 -0.0227377009500078 0.119375845050202 -0.0227377009500078 1.04869358024279 -0.119373597553859 0.119375845050202 -0.119373597553859 1.03110285133446
0.948104642942063 -0.0249866445731169 0.128232708920868 -0.0249866445731169 1.05297139776584 -0.128693757098756 0.128232708920868 -0.128693757098756 1.03456923669421
0.945252521524936 -0.0273145731252399 0.137094287029062 -0.0273145731252399 1.05734474034324 -0.138083030730386 0.137094287029062 -0.138083030730386 1.0381990510228
0.942494585663981 -0.0297218853126048 0.145962104736444 -0.0297218853126048 1.06181458883962 -0.147543032990242 0.145962104736444 -0.147543032990242 1.04199314543853
0.939830587659482 -0.032208993777654 0.154837690500043 -0.032208993777654 1.06638194141736 -0.157075392522368 0.154837690500043 -0.157075392522368 1.04595239962621
0.937260295032617 -0.0347763251869883 0.163722576131695 -0.0347763251869883 1.07104781372735 -0.166681752364571 0.163722576131695 -0.166681752364571 1.05007772202352
0.934783490507863 -0.0374243203217783 0.172618297058396 -0.0374243203217783 1.0758132391029 -0.176363770242431 0.172618297058396 -0.176363770242431 1.05437005001242
0.932399971997922 -0.0401534341706536 0.181526392583625 -0.0401534341706536 1.08067926875683 -0.186123118866178 0.181526392583625 -0.186123118866178 1.05883035011565
0.930109552591141 -0.0429641360250916 0.19044840614967 -0.0429641360250916 1.08564697198189 -0.195961486230474 0.19044840614967 -0.195961486230474 1.06345961819833
0.92791206054147 -0.0458569095773276 0.199385885601005 -0.0458569095773276 1.09071743635444 -0.205880575917165 0.199385885601005 -0.205880575917165 1.06825887967481
0.925807339260919 -0.0488322530208023 0.208340383448776 -0.0488322530208023 1.09589176794144 -0.215882107401047 0.208340383448776 -0.215882107401047 1.07322918972069
0.923795247314548 -0.0518906791531689 0.21731345713642 -0.0518906791531689 1.10117109151081 -0.225967816358716 0.21731345713642 -0.225967816358716 1.07837163349005
0.921875658417968 -0.0550327154818794 0.226306669306479 -0.0550327154818794 1.10655655074531 -0.236139454980542 0.226306669306479 -0.236139454980542 1.08368732633814
0.920048461437371 -0.0582589043323735 0.235321588068653 -0.0582589043323735 1.11204930845968 -0.246398792285827 0.235321588068653 -0.246398792285827 1.0891774140492
0.918313560392089 -0.06156980295889 0.244359787269135 -0.06156980295889 1.11765054682146 -0.256747614441227 0.244359787269135 -0.256747614441227 1.09484307306991
0.916670874459684 -0.0649659836579202 0.253422846761268 -0.0649659836579202 1.12336146757521 -0.267187725082447 0.253422846761268 -0.267187725082447 1.10068551074804
0.915120337983577 -0.068448033884336 0.262512352677592 -0.068448033884336 1.1291832922704 -0.27772094563932 0.262512352677592 -0.27772094563932 1.10670596557682
0.913661900483212 -0.072016556370198 0.271629897703302 -0.072016556370198 1.13511726249285 -0.288349115664296 0.271629897703302 -0.288349115664296 1.11290570744465
0.912295526666774 -0.0756721692462881 0.280777081351189 -0.0756721692462881 1.14116464009988 -0.299074093164409 0.280777081351189 -0.299074093164409 1.11928603789051
0.911021196446455 -0.0794155061663753 0.289955510238091 -0.0794155061663753 1.14732670745916 -0.309897754936785 0.289955510238091 -0.309897754936785 1.12584829036498
0.909838904956279 -0.0832472164342407 0.299166798362917 -0.0832472164342407 1.15360476769128 -0.320821996907748 0.299166798362917 -0.320821996907748 1.13259383049693
0.908748662572494 -0.0871679651335001 0.308412567386288 -0.0871679651335001 1.16000014491615 -0.331848734475595 0.308412567386288 -0.331848734475595 1.13952405636595
0.907750494936528 -0.0911784332602282 0.317694446911837 -0.0911784332602282 1.16651418450328 -0.34297990285708 0.317694446911837 -0.34297990285708 1.14664039878059
0.906844442980537 -0.0952793178584325 0.327014074769232 -0.0952793178584325 1.17314825332583 -0.354217457437701 0.327014074769232 -0.354217457437701 1.15394432156243
0.906030562955529 -0.0994713321583845 0.336373097298957 -0.0994713321583845 1.17990374001876 -0.365563374125822 0.336373097298957 -0.365563374125822 1.1614373218361
0.905308926462088 -0.10375520571785 0.34577316963891 -0.10375520571785 1.18678205524085 -0.377019649710728 0.34577316963891 -0.377019649710728 1.16912093032514
0.904679620483698 -0.108131684566235 0.355215956012862 -0.108131684566235 1.19378463194078 -0.388588302224638 0.355215956012862 -0.388588302224638 1.17699671165401
0.904142747422688 -0.112601531351684 0.364703130020835 -0.112601531351684 1.20091292562735 -0.400271371308785 0.364703130020835 -0.400271371308785 1.18506626465613
0.903698425138791 -0.117165525491154 0.374236374931447 -0.117165525491154 1.20816841464379 -0.412070918583594 0.374236374931447 -0.412070918583594 1.19333122268799
0.90334678699034 -0.121824463323494 0.383817383976267 -0.121824463323494 1.21555260044626 -0.423989028023046 0.383817383976267 -0.423989028023046 1.20179325394958
0.90308798187811 -0.126579158265558 0.393447860646248 -0.126579158265558 1.22306700788661 -0.436027806333291 0.393447860646248 -0.436027806333291 1.21045406181094
0.902922174291803 -0.131430440971394 0.403129518990279 -0.131430440971394 1.23071318549943 -0.448189383335576 0.403129518990279 -0.448189383335576 1.21931538514515
0.90284954435922 -0.136379159494517 0.412864083915913 -0.136379159494517 1.23849270579345 -0.460475912353559 0.412864083915913 -0.460475912353559 1.22837899866764
0.902870287898082 -0.141426179453319 0.422653291492316 -0.141426179453319 1.24640716554735 -0.472889570605086 0.422653291492316 -0.472889570605086 1.23764671328194
0.902984616470566 -0.146572384199637 0.43249888925551 -0.146572384199637 1.25445818610998 -0.485432559598495 0.43249888925551 -0.485432559598495 1.24712037643202
0.903192757440534 -0.151818674990516 0.442402636515941 -0.151818674990516 1.26264741370522 -0.498107105533519 0.442402636515941 -0.498107105533519 1.25680187246114
0.903494954033473 -0.157165971163193 0.452366304668439 -0.157165971163193 1.27097651974121 -0.510915459706865 0.452366304668439 -0.510915459706865 1.26669312297737
0.903891465399171 -0.162615210313342 0.462391677504631 -0.162615210313342 1.27944720112444 -0.523859898922552 0.462391677504631 -0.523859898922552 1.27679608722589
0.904382566677139 -0.168167348476617 0.472480551527843 -0.168167348476617 1.28806118057836 -0.536942725907056 0.472480551527843 -0.536942725907056 1.287112762468
0.904968549064787 -0.173823360313524 0.48263473627057 -0.173823360313524 1.29682020696681 -0.550166269729371 0.48263473627057 -0.550166269729371 1.29764518436705
0.905649719888375 -0.179584239297645 0.492856054614548 -0.179584239297645 1.30572605562223 -0.563532886226037 0.492856054614548 -0.563532886226037 1.30839542738134
0.906426402676752 -0.18545099790728 0.503146343113507 -0.18545099790728 1.31478052867879 -0.57704495843123 0.503146343113507 -0.57704495843123 1.31936560516396
