1.03948083423668 0.038612235012923 -0.00302351514467779 0.038612235012923 1.02400099010412 -0.0273858476983479 -0.00302351514467779 -0.0273858476983479 0.941524427415088
1.04705858094258 0.0459738115156802 -0.00368703073343055 0.0459738115156802 1.02871152198725 -0.0323219739890225 -0.00368703073343055 -0.0323219739890225 0.931246315682795
1.05474080819993 0.0534220827498287 -0.00438438063264684 0.0534220827498287 1.03351789464357 -0.0372310329414413 -0.00438438063264684 -0.0372310329414413 0.921107429376959
1.06252886612431 0.0609583076713818 -0.00511568268113992 0.0609583076713818 1.03842097206193 -0.0421138544215439 -0.00511568268113992 -0.0421138544215439 0.91110610607065
1.07042412308239 0.0685837604594115 -0.0058810604817266 0.0685837604594115 1.04342163479419 -0.0469712641222719 -0.0058810604817266 -0.0469712641222719 0.901240706021396
1.07842796592832 0.0762997307355591 -0.00668064342383118 0.0762997307355591 1.0485207801088 -0.0518040837015151 -0.00668064342383118 -0.0518040837015151 0.891509611901649
1.0865418002432 0.084107523786207 -0.00751456670707479 0.084107523786207 1.05371932214718 -0.0566131309194191 -0.00751456670707479 -0.0566131309194191 0.881911228532954
1.09476705057781 0.0920084607873686 -0.00838297136585121 0.0920084607873686 1.05901819208309 -0.0613992197750792 -0.00838297136585121 -0.0613992197750792 0.872443982623757
1.10310516069865 0.100003879032318 -0.00928600429489229 0.100003879032318 1.06441833828476 -0.066163160642641 -0.00928600429489229 -0.066163160642641 0.863106322510837
1.11155759383726 0.108095132162014 -0.0102238182758318 0.108095132162014 1.06992072648017 -0.0709057604068298 -0.0102238182758318 -0.0709057604068298 0.853896717904291
1.12012583294289 0.11628359039835 -0.0111965720047688 0.11628359039835 1.07552633992513 -0.0756278225979371 -0.0111965720047688 -0.0756278225979371 0.844813659636063
1.1288113809386 0.124570640780263 -0.0122044301208354 0.124570640780263 1.08123617957451 -0.0803301475262792 -0.0122044301208354 -0.0803301475262792 0.835855659411938
1.1376157609808 0.132957687402768 -0.0132475632357794 0.132957687402768 1.08705126425636 -0.0850135324161562 -0.0132475632357794 -0.0850135324161562 0.827021249566996
1.14654051672227 0.141446151658918 -0.0143261479645571 0.141446151658918 1.09297263084924 -0.0896787715393302 -0.0143261479645571 -0.0896787715393302 0.81830898282446
1.1555872125787 0.150037472484776 -0.0154403669569538 0.150037472484776 1.09900133446255 -0.0943266563480475 -0.0154403669569538 -0.0943266563480475 0.809717432057907
1.16475743399889 0.158733106607409 -0.0165904089302275 0.158733106607409 1.10513844862005 -0.0989579756076272 -0.0165904089302275 -0.0989579756076272 0.801245190056812
1.17405278773847 0.167534528795959 -0.0177764687027864 0.167534528795959 1.11138506544647 -0.103573515528633 -0.0177764687027864 -0.103573515528633 0.792890869295372
1.18347490213736 0.176443232115837 -0.0189987472289074 0.176443232115837 1.11774229585741 -0.108174059898663 -0.0189987472289074 -0.108174059898663 0.78465310170458
1.19302542740098 0.185460728186074 -0.0202574516344975 0.185460728186074 1.12421126975238 -0.112760390213759 -0.0202574516344975 -0.112760390213759 0.776530538447506
1.20270603588516 0.194588547439884 -0.0215527952539074 0.194588547439884 1.13079313621115 -0.117333285809485 -0.0215527952539074 -0.117333285809485 0.768521849697762
1.21251842238492 0.203828239388477 -0.0228849976678038 0.203828239388477 1.13748906369335 -0.121893523991664 -0.0228849976678038 -0.121893523991664 0.760625724421091
1.22246430442712 0.213181372888172 -0.0242542847421069 0.213181372888172 1.14430024024149 -0.126441880166831 -0.0242542847421069 -0.126441880166831 0.752840870160073
1.23254542256702 0.222649536410848 -0.0256608886679977 0.222649536410848 1.1512278736872 -0.130979127972392 -0.0256608886679977 -0.130979127972392 0.745166012821882
1.24276354068881 0.232234338317793 -0.0271050480030059 0.232234338317793 1.15827319186102 -0.135506039406529 -0.0271050480030059 -0.135506039406529 0.737599896469083
1.25312044631019 0.241937407136984 -0.0285870077131835 0.241937407136984 1.16543744280552 -0.140023384957869 -0.0285870077131835 -0.140023384957869 0.73014128311343
1.26361795089099 0.251760391843858 -0.0301070192163713 0.251760391843858 1.17272189499194 -0.144531933734941 -0.0301070192163713 -0.144531933734941 0.722788952512618
1.27425789014599 0.261704962145609 -0.0316653404265663 0.261704962145609 1.18012783754034 -0.149032453595431 -0.0316653404265663 -0.149032453595431 0.715541701969967
1.2850421243618 0.271772808769077 -0.0332622357993999 0.271772808769077 1.18765658044328 -0.153525711275277 -0.0332622357993999 -0.153525711275277 0.708398346137013
1.29597253871814 0.281965643752261 -0.0348979763787301 0.281965643752261 1.19530945479311 -0.158012472517605 -0.0348979763787301 -0.158012472517605 0.701357716818947
1.30705104361329 0.292285200739523 -0.036572839844362 0.292285200739523 1.20308781301285 -0.162493502201544 -0.036572839844362 -0.162493502201544 0.694418662782902
1.31827957499395 0.302733235280518 -0.0382871105608993 0.302733235280518 1.21099302909082 -0.166969564470927 -0.0382871105608993 -0.166969564470927 0.687580049569033
1.32966009468948 0.313311525132912 -0.0400410796277392 0.313311525132912 1.21902649881886 -0.171441422862919 -0.0400410796277392 -0.171441422862919 0.680840759304369
1.34119459075066 0.324021870568937 -0.0418350449302176 0.324021870568937 1.22718964003438 -0.17590984043657 -0.0418350449302176 -0.17590984043657 0.674199690519404
1.3528850777929 0.33486609468584 -0.0436693111919149 0.33486609468584 1.23548389286622 -0.180375579901332 -0.0436693111919149 -0.180375579901332 0.667655757967403
1.36473359734409 0.34584604372027 -0.0455441900281305 0.34584604372027 1.24391071998424 -0.184839403745562 -0.0455441900281305 -0.184839403745562 0.661207892446379
1.37674221819706 0.356963587366666 -0.0474600000005354 0.356963587366666 1.25247160685292 -0.189302074365013 -0.0474600000005354 -0.189302074365013 0.654855040623727
1.38891303676679 0.368220619099693 -0.0494170666730121 0.368220619099693 1.26116806198877 -0.193764354191364 -0.0494170666730121 -0.193764354191364 0.648596164863482
1.40124817745234 0.379619056500802 -0.0514157226686955 0.379619056500802 1.27000161722176 -0.198227005820788 -0.0514157226686955 -0.198227005820788 0.642430243056163
1.41374979300361 0.391160841588928 -0.0534563077282168 0.391160841588928 1.27897382796078 -0.202690792142585 -0.0534563077282168 -0.202690792142585 0.636356268451188
1.42642006489306 0.402847941155436 -0.0555391687691696 0.402847941155436 1.28808627346308 -0.207156476467907 -0.0555391687691696 -0.207156476467907 0.63037324949183
1.43926120369228 0.414682347103334 -0.0576646599468015 0.414682347103334 1.29734055710789 -0.211624822658596 -0.0576646599468015 -0.211624822658596 0.624480209652678
1.45227544945369 0.426666076790823 -0.0598331427159462 0.426666076790823 1.30673830667418 -0.216096595256148 -0.0598331427159462 -0.216096595256148 0.618676187279587
1.46546507209723 0.43880117337925 -0.0620449858942053 0.43880117337925 1.31628117462258 -0.220572559610838 -0.0620449858942053 -0.220572559610838 0.612960235432085
1.47883237180229 0.451089706185512 -0.0643005657263893 0.451089706185512 1.32597083838155 -0.225053482011017 -0.0643005657263893 -0.225053482011017 0.607331421728212
1.4923796794048 0.463533771038986 -0.0666002659502333 0.463533771038986 1.33580900063793 -0.229540129812602 -0.0666002659502333 -0.229540129812602 0.601788828191769
1.50610935679966 0.476135490643032 -0.0689444778633944 0.476135490643032 1.34579738963171 -0.234033271568802 -0.0689444778633944 -0.234033271568802 0.596331551101949
1.52002379734847 0.48889701494114 -0.0713336003917442 0.48889701494114 1.35593775945531 -0.23853367716006 -0.0713336003917442 -0.23853367716006 0.590958700845315
1.53412542629274 0.501820521487786 -0.0737680401589695 0.501820521487786 1.36623189035726 -0.243042117924288 -0.0737680401589695 -0.243042117924288 0.585669401770133
1.54841670117261 0.514908215824048 -0.0762482115574923 0.514908215824048 1.37668158905035 -0.247559366787362 -0.0762482115574923 -0.247559366787362 0.580462792042993
1.56290011225109 0.528162331858067 -0.0787745368207203 0.528162331858067 1.38728868902443 -0.252086198393942 -0.0787745368207203 -0.252086198393942 0.575338023507729
