0.967738507686004 0.0360709131784796 0.0491274208321658 0.0360709131784796 1.0089865573151 -0.013356655657651 0.0491274208321658 -0.013356655657651 1.02822293119991
0.962337338579843 0.0425284996727306 0.0580698420358605 0.0425284996727306 1.01080853086515 -0.0156694850769007 0.0580698420358605 -0.0156694850769007 1.03377392062772
0.957094966969665 0.0489367200568326 0.0669908124272091 0.0489367200568326 1.01268275393011 -0.0179397000398623 0.0669908124272091 -0.0179397000398623 1.03943943052252
0.952009865526624 0.0552966246407481 0.0758917949171864 0.0552966246407481 1.01460886476207 -0.0201676722316248 0.0758917949171864 -0.0201676722316248 1.04521972200103
0.947080536910374 0.061609251306941 0.0847742430745803 0.061609251306941 1.0165865090925 -0.0223537647047256 0.0847742430745803 -0.0223537647047256 1.05111507170711
0.942305513411616 0.0678756257174762 0.0936396013840899 0.0678756257174762 1.01861534003785 -0.024498331968576 0.0936396013840899 -0.024498331968576 1.05712577178137
0.937683356600644 0.0740967615183644 0.102489305501919 0.0740967615183644 1.02069501800661 -0.0266017200772012 0.102489305501919 -0.0266017200772012 1.0632521298333
0.933212656981799 0.0802736605411945 0.111324782508912 0.0802736605411945 1.02282521060784 -0.028664266715321 0.111324782508912 -0.028664266715321 1.06949446891572
0.928892033653769 0.0864073130021009 0.120147451161295 0.0864073130021009 1.02500559256117 -0.0306863012827868 0.120147451161295 -0.0306863012827868 1.07585312750173
0.924720133975622 0.0924986976981055 0.128958722139041 0.0924986976981055 1.02723584560816 -0.0326681449774038 0.128958722139041 -0.0326681449774038 1.08232845946393
0.920695633238555 0.0985487822008676 0.137759998291945 0.0985487822008676 1.02951565842512 -0.0346101108761448 0.137759998291945 -0.0346101108761448 1.08892083405608
0.91681723434322 0.104558523047896 0.146552674883423 0.104558523047896 1.03184472653726 -0.036512504014786 0.146552674883423 -0.036512504014786 1.09563063589709
0.913083667482611 0.110528865931247 0.155338139832095 0.110528865931247 1.03422275223426 -0.0383756214659781 0.155338139832095 -0.0383756214659781 1.10245826495732
0.909493689830394 0.116460745883769 0.164117773951204 0.116460745883769 1.03664944448713 -0.0401997524157713 0.164117773951204 -0.0401997524157713 1.10940413654729
0.906046085234648 0.122355087462898 0.172892951185898 0.122355087462898 1.03912451886639 -0.0419851782386161 0.172892951185898 -0.0419851782386161 1.11646868130859
0.90273966391692 0.128212804932085 0.181665038848443 0.128212804932085 1.04164769746164 -0.0437321725708531 0.181665038848443 -0.0437321725708531 1.1236523452072
0.899573262176529 0.134034802439856 0.190435397851387 0.134034802439856 1.04421870880228 -0.0454410013827118 0.190435397851387 -0.0454410013827118 1.13095558952901
0.896545742100068 0.139821974196567 0.199205382938735 0.139821974196567 1.04683728777965 -0.0471119230488374 0.199205382938735 -0.0471119230488374 1.13837889087768
0.893655991276024 0.145575204648867 0.207976342915181 0.145575204648867 1.0495031755703 -0.0487451884173581 0.207976342915181 -0.0487451884173581 1.14592274117479
0.890902922514454 0.151295368651933 0.216749620873419 0.151295368651933 1.05221611956057 -0.0503410408775131 0.216749620873419 -0.0503410408775131 1.15358764766214
0.888285473571644 0.156983331639492 0.225526554419601 0.156983331639492 1.05497587327236 -0.051899716425859 0.225526554419601 -0.051899716425859 1.16137413290644
0.885802606879711 0.162639949791661 0.234308475896961 0.162639949791661 1.05778219629011 -0.0534214437310649 0.234308475896961 -0.0534214437310649 1.16928273480612
0.883453309281055 0.168266070200665 0.243096712607663 0.168266070200665 1.06063485418896 -0.0549064441973188 0.243096712607663 -0.0549064441973188 1.17731400660047
0.88123659176763 0.173862531034445 0.251892587032912 0.173862531034445 1.06353361846407 -0.0563549320263557 0.251892587032912 -0.0563549320263557 1.18546851688089
0.87915148922495 0.17943016169819 0.260697417051349 0.17943016169819 1.06647826646114 -0.0577671142781257 0.260697417051349 -0.0577671142781257 1.19374684960451
0.877197060180779 0.184969782993842 0.269512516155802 0.184969782993842 1.06946858130799 -0.059143190930118 0.269512516155802 -0.059143190930118 1.20214960410983
0.875372386558457 0.190482207277591 0.278339193668405 0.190482207277591 1.07250435184735 -0.0604833549353508 0.278339193668405 -0.0604833549353508 1.21067739513472
0.873676573434791 0.1959682386154 0.28717875495414 0.1959682386154 1.07558537257069 -0.0617877922790452 0.28717875495414 -0.0617877922790452 1.21933085283652
0.872108748802448 0.201428672936589 0.296032501632828 0.201428672936589 1.07871144355316 -0.063056682034 0.296032501632828 -0.063056682034 1.22811062281432
0.870668063336826 0.206864298185514 0.30490173178963 0.206864298185514 1.08188237038964 -0.0642901964146738 0.30490173178963 -0.0642901964146738 1.23701736613351
0.869353690167313 0.212275894471364 0.313787740184063 0.212275894471364 1.0850979641318 -0.0654885008299965 0.313787740184063 -0.0654885008299965 1.24605175935236
0.868164824652898 0.217664234216109 0.322691818457599 0.217664234216109 1.08835804122627 -0.0666517539349153 0.322691818457599 -0.0666517539349153 1.25521449455092
0.86710068416208 0.223030082300644 0.331615255339861 0.223030082300644 1.09166242345377 -0.0677801076806983 0.331615255339861 -0.0677801076806983 1.26450627936192
0.866160507857024 0.228374196209127 0.340559336853482 0.228374196209127 1.09501093786932 -0.0688737073639978 0.340559336853482 -0.0688737073639978 1.27392783700396
0.865343556481903 0.233697326171579 0.349525346517618 0.233697326171579 1.09840341674348 -0.0699326916746954 0.349525346517618 -0.0699326916746954 1.28347990631679
0.864649112155387 0.239000215304735 0.358514565550203 0.239000215304735 1.10183969750447 -0.070957192742537 0.358514565550203 -0.070957192742537 1.29316324179873
0.864076478167233 0.244283599751215 0.36752827306894 0.244283599751215 1.10531962268139 -0.0719473361825665 0.36752827306894 -0.0719473361825665 1.30297861364622
0.863624978778902 0.249548208817006 0.376567746291088 0.249548208817006 1.10884303984835 -0.0729032411393813 0.376567746291088 -0.0729032411393813 1.31292680779557
0.863293959028195 0.254794765107314 0.385634260732069 0.254794765107314 1.11240980156959 -0.0738250203302074 0.385634260732069 -0.0738250203302074 1.32300862596678
0.863082784537821 0.260023984660785 0.394729090402936 0.260023984660785 1.11601976534547 -0.0747127800868173 0.394729090402936 -0.0747127800868173 1.33322488570951
0.86299084132788 0.26523657708215 0.403853508006726 0.26523657708215 1.11967279355949 -0.0755666203962957 0.403853508006726 -0.0755666203962957 1.3435764204512
0.863017535632204 0.270433245673297 0.41300878513375 0.270433245673297 1.12336875342613 -0.0763866349406646 0.41300878513375 -0.0763866349406646 1.35406407954726
0.863162293718504 0.275614687562814 0.42219619245583 0.275614687562814 1.12710751693969 -0.0771729111353837 0.42219619245583 -0.0771729111353837 1.36468872833346
0.863424561712302 0.280781593834013 0.431416999919543 0.280781593834013 1.13088896082394 -0.0779255301667271 0.431416999919543 -0.0779255301667271 1.37545124818037
0.863803805424573 0.285934649651479 0.440672476938479 0.285934649651479 1.13471296648268 -0.0786445670280614 0.440672476938479 -0.0786445670280614 1.38635253654997
0.86429951018309 0.291074534386153 0.449963892584568 0.291074534386153 1.13857941995122 -0.079330090555016 0.449963892584568 -0.079330090555016 1.39739350705434
0.864911180667396 0.296201921738981 0.459292515778495 0.296201921738981 1.14248821184864 -0.0799821634595771 0.459292515778495 -0.0799821634595771 1.40857508951649
0.865638340747391 0.301317479863155 0.468659615479234 0.301317479863155 1.14643923733096 -0.0806008423630974 0.468659615479234 -0.0806008423630974 1.41989823003331
0.866480533325476 0.306421871484971 0.478066460872751 0.306421871484971 1.15043239604507 -0.0811861778282415 0.478066460872751 -0.0811861778282415 1.43136389104063
0.867437320182219 0.311515754023318 0.487514321559883 0.311515754023318 1.15446759208363 -0.0817382143898723 0.487514321559883 -0.0817382143898723 1.44297305138039
