1.04059314687876 -0.0114201132777012 -0.0545201802231907 -0.0114201132777012 0.970966190960627 0.028142181370671 -0.0545201802231907 0.028142181370671 0.993491603919187
1.04855605678765 -0.013696965204788 -0.0647626340500077 -0.013696965204788 0.965826702718361 0.0332658914256978 -0.0647626340500077 0.0332658914256978 0.992707786536875
1.05668113464442 -0.0160303979925835 -0.0750803413746404 -0.0160303979925835 0.960746473347109 0.0383777430790767 -0.0750803413746404 0.0383777430790767 0.992052813244773
1.06497038809522 -0.018420814245556 -0.0854750849290603 -0.018420814245556 0.955725228926564 0.0434786202895561 -0.0854750849290603 0.0434786202895561 0.991527174192801
1.07342585744701 -0.0208686276098048 -0.0959486667079144 -0.0208686276098048 0.950762702429198 0.0485694082552893 -0.0959486667079144 0.0485694082552893 0.991131380989973
1.08204961611172 -0.0233742628774464 -0.106502908319661 -0.0233742628774464 0.945858633710831 0.0536509935567751 -0.106502908319661 0.0536509935567751 0.990865966869122
1.09084377105723 -0.0259381560931416 -0.117139651342105 -0.0259381560931416 0.941012769502221 0.0587242643005725 -0.117139651342105 0.0587242643005725 0.990731486855606
1.09981046326525 -0.0285607546627727 -0.127860757682424 -0.0285607546627727 0.936224863401635 0.0637901102638063 -0.127860757682424 0.0637901102638063 0.990728517939998
1.10895186819627 -0.0312425174643102 -0.138668109941728 -0.0312425174643102 0.931494675868448 0.0688494230394931 -0.138668109941728 0.0688494230394931 0.990857659254849
1.1182701962616 -0.0339839149608873 -0.149563611784255 -0.0339839149608873 0.926821974217735 0.0739030961827132 -0.149563611784255 0.0739030961827132 0.991119532255518
1.12776769330261 -0.0367854293161089 -0.160549188311257 -0.0367854293161089 0.922206532615891 0.0789520253576537 -0.160549188311257 0.0789520253576537 0.991514780905155
1.13744664107737 -0.0396475545116258 -0.171626786439671 -0.0396475545116258 0.91764813207726 0.0839971084855492 -0.171626786439671 0.0839971084855492 0.992044071863847
1.14730935775466 -0.0425707964669926 -0.182798375285628 -0.0425707964669926 0.913146560461786 0.0890392458935451 -0.182798375285628 0.0890392458935451 0.992708094682009
1.15735819841549 -0.0455556731618455 -0.194065946552904 -0.0455556731618455 0.908701612473683 0.0940793404645105 -0.194065946552904 0.0940793404645105 0.993507561998028
1.16759555556235 -0.048602714760424 -0.205431514926373 -0.048602714760424 0.90431308966115 0.0991182977878302 -0.205431514926373 0.0991182977878302 0.994443209740236
1.17802385963613 -0.0517124637384648 -0.216897118470552 -0.0517124637384648 0.899980800417093 0.104157026311198 -0.216897118470552 0.104157026311198 0.995515797333247
1.18864557954093 -0.0548854750124965 -0.228464819033312 -0.0548854750124965 0.89570455998091 0.109196437493443 -0.228464819033312 0.109196437493443 0.996726107908711
1.19946322317683 -0.0581223160715652 -0.240136702654847 -0.0581223160715652 0.891484190441296 0.114237445958413 -0.240136702654847 0.114237445958413 0.998074948520537
1.21047933798076 -0.0614235671114205 -0.251914879981978 -0.0614235671114205 0.887319520740104 0.119280969649944 -0.251914879981978 0.119280969649944 0.99956315036462
1.22169651147555 -0.0647898211711907 -0.263801486687871 -0.0647898211711907 0.883210386677257 0.12432792998795 -0.263801486687871 0.12432792998795 1.00119156900315
1.23311737182733 -0.0682216842725873 -0.275798683897272 -0.0682216842725873 0.879156630916709 0.129379252025644 -0.275798683897272 0.129379252025644 1.00296108459355
1.24474458841131 -0.0717197755616462 -0.287908658617327 -0.0717197755616462 0.875158102993472 0.134435864607944 -0.287908658617327 0.134435864607944 1.00487260212203
1.25658087238614 -0.0752847274530719 -0.300133624174087 -0.0752847274530719 0.871214659321706 0.139498700531072 -0.300133624174087 0.139498700531072 1.00692705164199
1.26862897727699 -0.0789171857771876 -0.312475820654789 -0.0789171857771876 0.867326163203886 0.144568696703382 -0.312475820654789 0.144568696703382 1.00912538851704
1.28089169956734 -0.0826178099295348 -0.324937515355986 -0.0826178099295348 0.863492484841032 0.149646794307453 -0.324937515355986 0.149646794307453 1.01146859366902
1.29337187929981 -0.0863872730231632 -0.337521003237646 -0.0863872730231632 0.859713501344044 0.154733938963465 -0.337521003237646 0.154733938963465 1.01395767383083
1.30607240068589 -0.0902262620436294 -0.350228607383286 -0.0902262620436294 0.855989096746102 0.159831080893901 -0.350228607383286 0.159831080893901 1.0165936618042
1.31899619272504 -0.0941354780067555 -0.363062679466254 -0.0941354780067555 0.852319162016182 0.164939175089592 -0.363062679466254 0.164939175089592 1.01937761672257
1.33214622983294 -0.0981156361191667 -0.376025600222248 -0.0981156361191667 0.84870359507366 0.170059181477152 -0.376025600222248 0.170059181477152 1.02231062431893
1.34552553247927 -0.102167465941656 -0.389119779928164 -0.102167465941656 0.845142300804031 0.175192065087814 -0.389119779928164 0.175192065087814 1.02539379719885
1.35913716783507 -0.106291711555407 -0.402347658887385 -0.106291711555407 0.841635191075742 0.180338796227717 -0.402347658887385 0.180338796227717 1.02862827511874
1.37298425042979 -0.11048913173111 -0.415711707921596 -0.11048913173111 0.838182184758148 0.18550035064967 -0.415711707921596 0.18550035064967 1.03201522526932
1.38706994281823 -0.114760500101012 -0.429214428869234 -0.114760500101012 0.834783207740595 0.190677709726417 -0.429214428869234 0.190677709726417 1.03555584256443
1.40139745625746 -0.119106605333936 -0.442858355090685 -0.119106605333936 0.831438192952642 0.195871860625445 -0.442858355090685 0.195871860625445 1.03925134993524
1.41597005139389 -0.123528251313317 -0.456646051980302 -0.123528251313317 0.828147080385434 0.201083796485371 -0.456646051980302 0.201083796485371 1.04310299862991
1.43079103896062 -0.128026257318268 -0.470580117485388 -0.128026257318268 0.824909817114212 0.206314516593924 -0.470580117485388 0.206314516593924 1.04711206851879
1.44586378048527 -0.132601458207758 -0.484663182632227 -0.132601458207758 0.821726357322001 0.211565026567576 -0.484663182632227 0.211565026567576 1.05127986840517
1.46119168900831 -0.137254704607901 -0.498897912059268 -0.137254704607901 0.818596662324458 0.216836338532848 -0.498897912059268 0.216836338532848 1.05560773634176
1.47677822981226 -0.141986863102422 -0.5132870045576 -0.141986863102422 0.815520700595898 0.222129471309318 -0.5132870045576 0.222129471309318 1.06009703995287
1.49262692116163 -0.146798816426331 -0.527833193618792 -0.146798816426331 0.812498447796506 0.227445450594376 -0.527833193618792 0.227445450594376 1.06474917676236
1.50874133505403 -0.151691463662857 -0.542539247990241 -0.151691463662857 0.80952988680075 0.232785309149762 -0.542539247990241 0.232785309149762 1.06956557452757
1.52512509798245 -0.156665720443671 -0.557407972238132 -0.156665720443671 0.806615007726991 0.238150086989908 -0.557407972238132 0.238150086989908 1.07454769157908
1.5417818917089 -0.161722519152454 -0.572442207318122 -0.161722519152454 0.803753807968308 0.243540831572146 -0.572442207318122 0.243540831572146 1.0796970171666
1.55871545404959 -0.166862809131849 -0.58764483115387 -0.166862809131849 0.800946292224554 0.248958597988784 -0.58764483115387 0.248958597988784 1.08501507181092
1.57592957967182 -0.172087556893846 -0.603018759223546 -0.172087556893846 0.798192472535635 0.254404449161127 -0.603018759223546 0.254404449161127 1.09050340766206
1.59342812090273 -0.177397746333636 -0.61856694515441 -0.177397746333636 0.795492368316035 0.259879456035444 -0.61856694515441 0.259879456035444 1.09616360886369
1.61121498855008 -0.182794378946995 -0.63429238132561 -0.182794378946995 0.792846006390601 0.265384697780939 -0.63429238132561 0.265384697780939 1.10199729192386
1.62929415273531 -0.188278474051237 -0.650198099479325 -0.188278474051237 0.790253421031581 0.270921261989762 -0.650198099479325 0.270921261989762 1.10800610609222
1.64766964373885 -0.193851069009773 -0.666287171340355 -0.193851069009773 0.78771465399695 0.276490244879096 -0.666287171340355 0.276490244879096 1.11419173374369
1.66634555285819 -0.199513219460356 -0.682562709244315 -0.199513219460356 0.785229754570009 0.282092751495357 -0.682562709244315 0.282092751495357 1.12055589076877
