1.03426483113584 -0.0378863746348222 0.0328207280534642 -0.0378863746348222 1.01439421909528 0.0274598939898503 0.0328207280534642 0.0274598939898503 0.956308798972188
1.0409558624996 -0.0449419289399195 0.0386976292220202 -0.0449419289399195 1.01729831182261 0.0322770902826453 0.0386976292220202 0.0322770902826453 0.948698545928937
1.04777191195287 -0.0520304382308038 0.0445299962303224 -0.0520304382308038 1.02028328608723 0.037026029663812 0.0445299962303224 0.037026029663812 0.941212724732489
1.05471368633645 -0.0591530776494984 0.0503187952461978 -0.0591530776494984 1.0233492133415 0.0417074984989675 0.0503187952461978 0.0417074984989675 0.933849671912331
1.06178191078142 -0.0663110250817641 0.0560649826241229 -0.0663110250817641 1.02649617741 0.0463222697729855 0.0560649826241229 0.0463222697729855 0.926607747855408
1.06897732877796 -0.0735054613410609 0.0617695050848154 -0.0735054613410609 1.0297242744694 0.0508711032488319 0.0617695050848154 0.0508711032488319 0.919485336477833
1.07630070224698 -0.0807375703525065 0.0674332998927988 -0.0807375703525065 1.03303361303022 0.0553547456238481 0.0674332998927988 0.0553547456238481 0.912480844901253
1.08375281161455 -0.0880085393368589 0.0730572950319759 -0.0880085393368589 1.03642431392073 0.0597739306835132 0.0730572950319759 0.0597739306835132 0.905592703133815
1.09133445588913 -0.0953195589945484 0.0786424093792364 -0.0953195589945484 1.03989651027288 0.0641293794527097 0.0786424093792364 0.0641293794527097 0.898819363755665
1.09904645274153 -0.102671823689798 0.0841895528761385 -0.102671823689798 1.04345034751019 0.0684218003445301 0.0841895528761385 0.0684218003445301 0.8921593016089
1.10688963858778 -0.110066531634848 0.0896996266986981 -0.110066531634848 1.04708598333769 0.0726518893066551 0.0896996266986981 0.0726518893066551 0.885611013491952
1.11486486867475 -0.117504885074333 0.0951735234253097 -0.117504885074333 1.05080358773389 0.076820329965327 0.0951735234253097 0.076820329965327 0.879173017858292
1.12297301716858 -0.12498809046982 0.100612127202843 -0.12498809046982 1.0546033429447 0.0809277937669566 0.100612127202843 0.0809277937669566 0.872843854519437
1.13121497724596 -0.132517358684555 0.106016313910935 -0.132517358684555 1.05848544347938 0.0849749401173856 0.106016313910935 0.0849749401173856 0.866622084352178
1.13959166118823 -0.140093905168433 0.111386951324521 -0.140093905168433 1.06245009610848 0.0889624165188357 0.111386951324521 0.0889624165188357 0.860506289009973
1.14810400047835 -0.14771895014323 0.116724899274618 -0.14771895014323 1.06649751986372 0.0928908587045753 0.116724899274618 0.0928908587045753 0.854495070638461
1.15675294590066 -0.155393718788125 0.122031009807415 -0.155393718788125 1.07062794603994 0.0967608907713245 0.122031009807415 0.0967608907713245 0.848587051595012
1.16553946764352 -0.163119441425539 0.127306127341676 -0.163119441425539 1.0748416181989 0.100573125309434 0.127306127341676 0.100573125309434 0.842780874172293
1.17446455540488 -0.170897353707317 0.132551088824504 -0.170897353707317 1.07913879217516 0.10432816353086 0.132551088824504 0.10432816353086 0.837075200325769
1.18352921850062 -0.178728696801294 0.137766723885485 -0.178728696801294 1.08351973608383 0.108026595394959 0.137766723885485 0.108026595394959 0.831468711405087
1.19273448597582 -0.186614717578256 0.142953854989242 -0.186614717578256 1.08798473033038 0.111668999732139 0.142953854989242 0.111668999732139 0.825960107889307
1.20208140671897 -0.194556668799346 0.148113297586436 -0.194556668799346 1.09253406762232 0.115255944365377 0.148113297586436 0.115255944365377 0.820548109125903
1.21157104957904 -0.202555809303924 0.153245860263231 -0.202555809303924 1.09716805298288 0.118787986229645 0.153245860263231 0.118787986229645 0.815231453073504
1.22120450348542 -0.210613404197925 0.15835234488926 -0.210613404197925 1.1018870037666 0.12226567148925 0.15835234488926 0.12226567148925 0.810008896048302
1.23098287757094 -0.218730725042744 0.163433546764117 -0.218730725042744 1.10669124967696 0.125689535653141 0.163433546764117 0.125689535653141 0.804879212474102
1.24090730129763 -0.226909050044657 0.168490254762397 -0.226909050044657 1.11158113278581 0.129060103688166 0.168490254762397 0.129060103688166 0.799841194635938
1.25097892458563 -0.235149664244836 0.173523251477322 -0.235149664244836 1.1165570075549 0.132377890130348 0.173523251477322 0.132377890130348 0.794893652437224
1.26119891794495 -0.243453859709971 0.178533313362973 -0.243453859709971 1.12161924085923 0.135643399194167 0.178533313362973 0.135643399194167 0.790035413160385
1.2715684726102 -0.251822935723521 0.183521210875154 -0.251822935723521 1.12676821201242 0.138857124879888 0.183521210875154 0.138857124879888 0.785265321230914
1.28208880067841 -0.260258198977649 0.188487708610916 -0.260258198977649 1.13200431279395 0.142019551078957 0.188487708610916 0.142019551078957 0.780582237984828
1.29276113524979 -0.268760963765839 0.19343356544677 -0.268760963765839 1.13732794747844 0.145131151677486 0.19343356544677 0.145131151677486 0.775985041439448
1.30358673057152 -0.277332552176247 0.198359534675612 -0.277332552176247 1.14273953286672 0.148192390657839 0.198359534675612 0.148192390657839 0.771472626067482
1.31456686218457 -0.285974294285807 0.203266364142379 -0.285974294285807 1.14823949831903 0.151203722198357 0.203266364142379 0.151203722198357 0.767043902574354
1.32570282707365 -0.294687528355123 0.208154796378476 -0.294687528355123 1.15382828578997 0.154165590771231 0.208154796378476 0.154165590771231 0.762697797678733
1.3369959438201 -0.303473601024174 0.213025568734988 -0.303473601024174 1.15950634986551 0.157078431238546 0.213025568734988 0.157078431238546 0.758433253896226
1.34844755275802 -0.312333867508858 0.217879413514702 -0.312333867508858 1.16527415780191 0.159942668946522 0.217879413514702 0.159942668946522 0.754249229326184
1.36005901613338 -0.321269691798426 0.222717058102967 -0.321269691798426 1.17113218956657 0.16275871981796 0.222717058102967 0.16275871981796 0.750144697441587
1.37183171826631 -0.330282446853796 0.227539225097418 -0.330282446853796 1.17708093788083 0.165526990442929 0.227539225097418 0.165526990442929 0.746118646881953
1.38376706571655 -0.339373514806824 0.232346632436578 -0.339373514806824 1.18312090826471 0.168247878167697 0.232346632436578 0.168247878167697 0.742170081249249
1.395866487452 -0.348544287160516 0.237139993527378 -0.348544287160516 1.18925261908361 0.170921771181935 0.237139993527378 0.170921771181935 0.738298018906735
1.40813143502049 -0.357796164990252 0.241920017371602 -0.357796164990252 1.19547660159696 0.173549048604214 0.241920017371602 0.173549048604214 0.734501492780735
1.42056338272477 -0.367130559146015 0.246687408691288 -0.367130559146015 1.2017934000088 0.176130080565799 0.246687408691288 0.176130080565799 0.730779550165266
1.43316382780063 -0.376548890455687 0.251442868053111 -0.376548890455687 1.20820357152034 0.178665228292778 0.251442868053111 0.178665228292778 0.727131252529504
1.44593429059839 -0.386052589929419 0.256187091991763 -0.386052589929419 1.21470768638447 0.18115484418653 0.256187091991763 0.18115484418653 0.723555675328034
1.45887631476751 -0.395643098965118 0.260920773132361 -0.395643098965118 1.22130632796222 0.183599271902552 0.260920773132361 0.183599271902552 0.720051907813869
1.47199146744457 -0.405321869555071 0.265644600311894 -0.405321869555071 1.22800009278122 0.185998846427664 0.265644600311894 0.185998846427664 0.716619052854165
1.48528133944454 -0.415090364493756 0.270359258699749 -0.415090364493756 1.23478959059608 0.18835389415561 0.270359258699749 0.18835389415561 0.713256226748638
1.49874754545535 -0.424950057586837 0.275065429917314 -0.424950057586837 1.2416754444508 0.190664732961067 0.275065429917314 0.190664732961067 0.709962559050604
1.51239172423582 -0.434902433861414 0.279763792156702 -0.434902433861414 1.24865829074313 0.192931672272076 0.279763792156702 0.192931672272076 0.706737192390646
1.52621553881696 -0.444948989777524 0.284455020298606 -0.444948989777524 1.2557387792909 0.195155013140928 0.284455020298606 0.195155013140928 0.703579282302835
