0.959807467257431 -0.0459920498181202 0.0018800621795555 -0.0459920498181202 0.98752678749255 0.0148235997595486 0.0018800621795555 0.0148235997595486 1.05762448398518
0.952839189467445 -0.0541667567687852 0.00215461034431112 -0.0541667567687852 0.985510699480675 0.0176074605041114 0.00215461034431112 0.0176074605041114 1.06858771976611
0.945995141247503 -0.062260203967313 0.00240731847122543 -0.062260203967313 0.983577727584717 0.0204114403075264 0.00240731847122543 0.0204114403075264 1.07967175515202
0.939273658340453 -0.0702737253755927 0.00263822796287123 -0.0702737253755927 0.981727017096693 0.0232360019438518 0.00263822796287123 0.0232360019438518 1.09087788306802
0.932673100805725 -0.0782086371491523 0.00284737641494204 -0.0782086371491523 0.979957728200473 0.0260816101478112 0.00284737641494204 0.0260816101478112 1.1022074110497
0.926191852677314 -0.0860662379017317 0.0030347976342902 -0.0860662379017317 0.978269035786163 0.0289487316820117 0.0030347976342902 0.0289487316820117 1.11366166139776
0.919828321626716 -0.0938478089662001 0.00320052165630433 -0.0938478089662001 0.97666012926744 0.0318378354042499 0.00320052165630433 0.0318378354042499 1.12524197133451
0.913580938630681 -0.101554614651857 0.0033445747616325 -0.101554614651857 0.975130212401748 0.0347493923349238 0.0033445747616325 0.0347493923349238 1.136949693162
0.907448157643769 -0.109187902498187 0.00346697949226208 -0.109187902498187 0.973678503113367 0.0376838757245564 0.00346697949226208 0.0376838757245564 1.1487861944222
0.901428455275602 -0.116748903525106 0.00356775466694868 -0.116748903525106 0.972304233319289 0.0406417611214385 0.00356775466694868 0.0406417611214385 1.16075285805878
0.895520330472776 -0.124238832479759 0.003646915396012 -0.124238832479759 0.971006648757857 0.0436235264394101 0.003646915396012 0.0436235264394101 1.17285108258097
0.889722304205341 -0.131658888079911 0.00370447309549347 -0.131658888079911 0.96978500882017 0.0466296520257804 0.00370447309549347 0.0466296520257804 1.18508228222914
0.884032919157802 -0.139010253253994 0.0037404355006842 -0.139010253253994 0.968638586384173 0.0496606207294028 0.0037404355006842 0.0496606207294028 1.19744788714232
0.878450739424572 -0.146294095377841 0.00375480667902958 -0.146294095377841 0.967566667651417 0.0527169179689132 0.00375480667902958 0.0527169179689132 1.20994934352774
0.872974350209806 -0.153511566508175 0.00374758704240753 -0.153511566508175 0.966568551986466 0.0557990318011415 0.00374758704240753 0.0557990318011415 1.22258811383212
0.867602357531573 -0.160663803612889 0.00371877335879234 -0.160663803612889 0.965643551758887 0.0589074529897072 0.00371877335879234 0.0589074529897072 1.23536567691507
0.862333387930279 -0.167751928798161 0.00366835876330345 -0.167751928798161 0.964790992187823 0.0620426750738071 0.00366835876330345 0.0620426750738071 1.24828352822445
0.857166088181309 -0.17477704953246 0.00359633276864426 -0.17477704953246 0.964010211189084 0.0652051944372102 0.00359633276864426 0.0652051944372102 1.26134317997362
0.852099125011804 -0.181740258867486 0.00350268127493465 -0.181740258867486 0.963300559224754 0.0683955103774634 0.00350268127493465 0.0683955103774634 1.27454616132086
0.847131184821526 -0.188642635656084 0.00338738657893978 -0.188642635656084 0.962661399155253 0.0716141251753239 0.00338738657893978 0.0716141251753239 1.28789401855074
0.842260973407759 -0.195485244767177 0.00325042738270183 -0.195485244767177 0.962092106093841 0.0748615441644235 0.00325042738270183 0.0748615441644235 1.30138831525755
0.837487215694175 -0.202269137297776 0.00309177880157249 -0.202269137297776 0.961592067263531 0.0781382758011791 0.00309177880157249 0.0781382758011791 1.31503063253088
0.832808655463618 -0.208995350782083 0.00291141237165699 -0.208995350782083 0.961160681856375 0.0814448317349585 0.00291141237165699 0.0814448317349585 1.32882256914322
0.828224055094747 -0.215664909397761 0.00270929605666451 -0.215664909397761 0.960797360895085 0.0847817268785067 0.00270929605666451 0.0847817268785067 1.3427657417398
0.823732195302494 -0.222278824169384 0.00248539425417624 -0.222278824169384 0.960501527096994 0.0881494794786548 0.00248539425417624 0.0881494794786548 1.35686178503045
0.819331874882262 -0.228838093169132 0.0022396678013253 -0.228838093169132 0.960272614740267 0.0915486111873039 0.0022396678013253 0.0915486111873039 1.37111235198373
0.815021910457832 -0.235343701714757 0.00197207397990233 -0.235343701714757 0.960110069532407 0.0949796471327127 0.00197207397990233 0.0949796471327127 1.38551911402325
0.810801136232912 -0.241796622564867 0.00168256652087642 -0.241796622564867 0.960013348480955 0.0984431159910869 0.00168256652087642 0.0984431159910869 1.40008376122615
0.806668403746288 -0.24819781611156 0.00137109560834693 -0.24819781611156 0.959981919766422 0.101939550058484 0.00137109560834693 0.101939550058484 1.41480800252388
0.802622581630512 -0.254548230570463 0.00103760788291925 -0.254548230570463 0.960015262617366 0.105469485323046 0.00103760788291925 0.105469485323046 1.42969356590525
0.798662555374094 -0.260848802168199 0.000682046444512127 -0.260848802168199 0.960112867187635 0.109033461537562 0.000682046444512127 0.109033461537562 1.44474219862172
0.794787227087137 -0.267100455327321 0.000304350854595972 -0.267100455327321 0.960274234435725 0.112632022292387 0.000304350854595972 0.112632022292387 1.45995566739506
0.790995515270367 -0.273304102848768 -9.55428621326471e-05 -0.273304102848768 0.960498876006225 0.116265715088708 -9.55428621326471e-05 0.116265715088708 1.47533575862731
0.787286354587517 -0.279460646091853 -0.000517702216640048 -0.279460646091853 0.96078631411333 0.119935091412183 -0.000517702216640048 0.119935091412183 1.49088427861317
0.783658695641009 -0.285570975151844 -0.000962198255006652 -0.285570975151844 0.961136081426413 0.123640706806951 -0.000962198255006652 0.123640706806951 1.50660305375468
0.780111504750902 -0.291635969035161 -0.00142910555843767 -0.291635969035161 0.961547720957591 0.127383120950037 -0.00142910555843767 0.127383120950037 1.52249393077842
0.776643763737036 -0.297656495832228 -0.00191850224382642 -0.297656495832228 0.962020785951297 0.131162897726148 -0.00191850224382642 0.131162897726148 1.53855877695507
0.773254469704356 -0.30363341288801 -0.00243046996488068 -0.30363341288801 0.96255483977582 0.134980605302882 -0.00243046996488068 0.134980605302882 1.55479948032149
0.769942634831345 -0.309567566970281 -0.00296509391379476 -0.309567566970281 0.963149455816784 0.13883681620635 -0.00296509391379476 0.13883681620635 1.57121794990529
0.766707286161543 -0.315459794435649 -0.0035224628234823 -0.315459794435649 0.963804217372558 0.142732107397234 -0.0035224628234823 0.142732107397234 1.58781611595189
0.763547465398095 -0.32131092139337 -0.00410266897034933 -0.32131092139337 0.964518717551554 0.146667060347277 -0.00410266897034933 0.146667060347277 1.60459593015416
0.760462228701291 -0.327121763866984 -0.00470580817762566 -0.327121763866984 0.965292559171408 0.150642261116232 -0.00470580817762566 0.150642261116232 1.62155936588461
0.757450646489057 -0.332893127953822 -0.00533197981924081 -0.332893127953822 0.966125354660011 0.154658300429258 -0.00533197981924081 0.154658300429258 1.63870841843023
0.754511803240351 -0.338625809982387 -0.00598128682424201 -0.338625809982387 0.967016725958379 0.158715773754805 -0.00598128682424201 0.158715773754805 1.65604510522988
0.751644797301432 -0.344320596667669 -0.00665383568176672 -0.344320596667669 0.967966304425315 0.162815281382961 -0.00665383568176672 0.162815281382961 1.67357146611442
0.748848740694947 -0.349978265264407 -0.00734973644655064 -0.349978265264407 0.968973730743889 0.166957428504309 -0.00734973644655064 0.166957428504309 1.6912895635495
0.746122758931813 -0.355599583718335 -0.00806910274498356 -0.355599583718335 0.970038654829654 0.171142825289274 -0.00806910274498356 0.171142825289274 1.70920148288103
0.743465990825849 -0.361185310815452 -0.00881205178170827 -0.361185310815452 0.97116073574064 0.175372086967991 -0.00881205178170827 0.175372086967991 1.72730933258346
0.740877588311104 -0.36673619632932 -0.00957870434675862 -0.36673619632932 0.972339641589047 0.179645833910693 -0.00957870434675862 0.179645833910693 1.74561524451078
0.738356716261876 -0.372252981166458 -0.0103691848232378 -0.372252981166458 0.973575049454672 0.183964691708641 -0.0103691848232378 0.183964691708641 1.76412137415038
