0.939655364989168 -0.0279372308967976 -0.0305113617795047 -0.0279372308967976 1.03300131704492 -0.0147734629502789 -0.0305113617795047 -0.0147734629502789 1.03227929471027
0.929165692373145 -0.032932602648237 -0.0359732554327102 -0.032932602648237 1.03928873642396 -0.0174970006591797 -0.0359732554327102 -0.0174970006591797 1.03844542460768
0.918853977131302 -0.0378878408681936 -0.0413932588269946 -0.0378878408681936 1.04564678667276 -0.0202247673888362 -0.0413932588269946 -0.0202247673888362 1.0446856495197
0.908717723171026 -0.0428037524184258 -0.0467722545413192 -0.0428037524184258 1.0520756865819 -0.0229572078190643 -0.0467722545413192 -0.0229572078190643 1.0510001691007
0.898754472369518 -0.047681133485143 -0.0521111138156214 -0.047681133485143 1.05857566165724 -0.02569476518231 -0.0521111138156214 -0.02569476518231 1.05738919039658
0.888961804016463 -0.0525207697451843 -0.0574106967310032 -0.0525207697451843 1.06514694409994 -0.0284378813344061 -0.0574106967310032 -0.0284378813344061 1.06385292781877
0.879337334265018 -0.0573234365297838 -0.0626718523873259 -0.0573234365297838 1.07178977278721 -0.031186996824735 -0.0626718523873259 -0.031186996824735 1.07039160311923
0.869878715590982 -0.0620898989859438 -0.0678954190782569 -0.0620898989859438 1.07850439325423 -0.0339425509658085 -0.0678954190782569 -0.0339425509658085 1.07700544536667
0.860583636260027 -0.0668209122354663 -0.0730822244637981 -0.0668209122354663 1.08529105767679 -0.036704981902279 -0.0730822244637981 -0.036704981902279 1.08369469092365
0.851449819802883 -0.0715172215316655 -0.0782330857403435 -0.0715172215316655 1.09215002485496 -0.0394747266793947 -0.0782330857403435 -0.0394747266793947 1.09045958342484
0.842475024498342 -0.0761795624138066 -0.0833488098082935 -0.0761795624138066 1.09908156019767 -0.0422522213109089 -0.0833488098082935 -0.0422522213109089 1.09730037375627
0.833657042863974 -0.0808086608592914 -0.0884301934372699 -0.0808086608592914 1.1060859357081 -0.0450379008464639 -0.0884301934372699 -0.0450379008464639 1.10421732003556
0.824993701154448 -0.0854052334336442 -0.0934780234289656 -0.0854052334336442 1.11316342997008 -0.0478321994384466 -0.0934780234289656 -0.0478321994384466 1.11121068759324
0.816482858867326 -0.0899699874383083 -0.0984930767776637 -0.0899699874383083 1.12031432813529 -0.0506355504083473 -0.0984930767776637 -0.0506355504083473 1.11828074895501
0.808122408256241 -0.0945036210563048 -0.103476120828462 -0.0945036210563048 1.12753892191137 -0.0534483863126095 -0.103476120828462 -0.0534483863126095 1.12542778382505
0.799910273851334 -0.0990068234957723 -0.108427913433238 -0.0990068234957723 1.1348375095509 -0.0562711390080128 -0.108427913433238 -0.0562711390080128 1.13265207907021
0.791844411986854 -0.103480275131428 -0.113349203104387 -0.103480275131428 1.1422103958412 -0.0591042397165701 -0.113349203104387 -0.0591042397165701 1.13995392870533
0.7839228103358 -0.107924647643976 -0.118240729166369 -0.107924647643976 1.14965789209511 -0.0619481190899698 -0.118240729166369 -0.0619481190899698 1.14733363387938
0.776143487451522 -0.112340604157497 -0.123103221905097 -0.112340604157497 1.15718031614241 -0.0648032072735696 -0.123103221905097 -0.0648032072735696 1.15479150286265
0.768504492316153 -0.116728799374851 -0.127937402715196 -0.116728799374851 1.16477799232233 -0.0676699339699512 -0.127937402715196 -0.0676699339699512 1.16232785103489
0.761003903895799 -0.121089879711105 -0.132743984245175 -0.121089879711105 1.17245125147664 -0.0705487285020483 -0.132743984245175 -0.0705487285020483 1.16994300087431
0.753639830702357 -0.125424483425057 -0.137523670540522 -0.125424483425057 1.18020043094382 -0.0734400198758583 -0.137523670540522 -0.0734400198758583 1.17763728194762
0.746410410361891 -0.129733240748831 -0.14227715718479 -0.129733240748831 1.18802587455382 -0.076344236842749 -0.14227715718479 -0.076344236842749 1.18541103090097
0.739313809189446 -0.134016774015612 -0.147005131438659 -0.134016774015612 1.19592793262382 -0.0792618079613751 -0.147005131438659 -0.0792618079613751 1.19326459145175
0.732348221770223 -0.138275697785537 -0.151708272377043 -0.138275697785537 1.20390696195469 -0.0821931616592034 -0.151708272377043 -0.0821931616592034 1.20119831438137
0.725511870547002 -0.142510618969765 -0.156387251024252 -0.142510618969765 1.2119633258283 -0.0851387262936727 -0.156387251024252 -0.0851387262936727 1.20921255752893
0.718803005413748 -0.146722136952752 -0.161042730487244 -0.146722136952752 1.2200973940056 -0.0880989302129861 -0.161042730487244 -0.0880989302129861 1.21730768578581
0.712219903315271 -0.150910843712771 -0.165675366086994 -0.150910843712771 1.22830954272554 -0.0910742018165542 -0.165675366086994 -0.0910742018165542 1.22548407109107
0.705760867852889 -0.155077323940694 -0.170285805488009 -0.155077323940694 1.23660015470471 -0.0940649696150923 -0.170285805488009 -0.0940649696150923 1.23374209242786
0.699424228895981 -0.159222155157052 -0.174874688826025 -0.159222155157052 1.24496961913785 -0.0970716622903906 -0.174874688826025 -0.0970716622903906 1.24208213582064
0.693208342199344 -0.163345907827426 -0.179442648833894 -0.163345907827426 1.25341833169902 -0.100094708754756 -0.179442648833894 -0.100094708754756 1.25050459433325
0.68711158902628 -0.167449145476163 -0.183990310965714 -0.167449145476163 1.26194669454366 -0.103134538210148 -0.183990310965714 -0.103134538210148 1.2590098680679
0.681132375777324 -0.171532424798467 -0.188518293519206 -0.171532424798467 1.27055511631133 -0.10619158020701 -0.188518293519206 -0.10619158020701 1.26759836416502
0.675269133624522 -0.175596295770876 -0.193027207756383 -0.175596295770876 1.27924401212929 -0.109266264702802 -0.193027207756383 -0.109266264702802 1.27627049680394
0.66952031815118 -0.17964130176015 -0.197517658022523 -0.17964130176015 1.28801380361674 -0.112359022120259 -0.197517658022523 -0.112359022120259 1.28502668720442
0.663884408997016 -0.183667979630601 -0.201990241863479 -0.183667979630601 1.29686491888989 -0.115470283405373 -0.201990241863479 -0.115470283405373 1.29386736362907
0.658359909508616 -0.18767685984988 -0.206445550141347 -0.18767685984988 1.30579779256776 -0.118600480085103 -0.206445550141347 -0.118600480085103 1.30279296138653
0.652945346395127 -0.191668466593249 -0.210884167148532 -0.191668466593249 1.31481286577869 -0.121750044324844 -0.210884167148532 -0.121750044324844 1.31180392283559
0.647639269389106 -0.195643317846361 -0.215306670720205 -0.195643317846361 1.32391058616767 -0.124919408985633 -0.215306670720205 -0.124919408985633 1.32090069739004
0.642440250912451 -0.199601925506572 -0.219713632345212 -0.199601925506572 1.33309140790428 -0.128109007681136 -0.219713632345212 -0.128109007681136 1.33008374152438
0.637346885747338 -0.203544795482792 -0.224105617275436 -0.203544795482792 1.34235579169149 -0.131319274834392 -0.224105617275436 -0.131319274834392 1.33935351878043
0.632357790712089 -0.207472427793926 -0.228483184633638 -0.207472427793926 1.3517042047751 -0.134550645734347 -0.228483184633638 -0.134550645734347 1.3487104997746
0.627471604341895 -0.211385316665899 -0.232846887519806 -0.211385316665899 1.36113712095395 -0.137803556592177 -0.232846887519806 -0.137803556592177 1.35815516220609
0.622686986574334 -0.215283950627297 -0.237197273116041 -0.215283950627297 1.37065502059082 -0.141078444597403 -0.237197273116041 -0.141078444597403 1.36768799086586
0.618002618439603 -0.219168812603649 -0.241534882789976 -0.219168812603649 1.38025839062407 -0.144375747973825 -0.241534882789976 -0.144375747973825 1.37730947764642
0.613417201755385 -0.223040380010363 -0.245860252196787 -0.223040380010363 1.38994772457998 -0.147695906035259 -0.245860252196787 -0.147695906035259 1.38702012155235
0.608929458826316 -0.22689912484434 -0.250173911379787 -0.22689912484434 1.39972352258581 -0.15103935924111 -0.250173911379787 -0.15103935924111 1.39682042871173
0.604538132147943 -0.230745513774287 -0.254476384869646 -0.230745513774287 1.40958629138356 -0.154406549251773 -0.254476384869646 -0.154406549251773 1.40671091238823
0.600241984115135 -0.234580008229741 -0.25876819178224 -0.234580008229741 1.4195365443444 -0.157797918983869 -0.25876819178224 -0.157797918983869 1.41669209299411
0.59603979673487 -0.23840306448884 -0.263049845915168 -0.23840306448884 1.4295748014839 -0.161213912665348 -0.263049845915168 -0.161213912665348 1.4267644981039
