1.00802999454043 -0.00856627617051405 0.00242918067171176 -0.00856627617051405 1.0372741906654 0.0577718278544043 0.00242918067171176 0.0577718278544043 0.959678631025358
1.00952046894701 -0.010165329448154 0.0028127229802009 -0.010165329448154 1.04463757565245 0.0683531266485587 0.0028127229802009 0.0683531266485587 0.952819501472978
1.01101580286356 -0.0117730058446889 0.00317699550649825 -0.0117730058446889 1.05216383689451 0.0789295630451729 0.00317699550649825 0.0789295630451729 0.946126559185074
1.01251600739378 -0.0133895739281922 0.00352205898203673 -0.0133895739281922 1.05985399370316 0.0895029035227917 0.00352205898203673 0.0895029035227917 0.939598448560494
1.01402109410548 -0.0150153033818221 0.00384797081337343 -0.0150153033818221 1.0677090912203 0.100074911513703 0.00384797081337343 0.100074911513703 0.933233843380047
1.01553107503135 -0.0166504650471573 0.00415478509645145 -0.0166504650471573 1.07573020055516 0.110647347701928 0.00415478509645145 0.110647347701928 0.927031446543608
1.0170459626698 -0.0182953309676645 0.0044425526302898 -0.0182953309676645 1.08391841892554 0.121221970320318 0.0044425526302898 0.121221970320318 0.920989989812449
1.01856576998597 -0.0199501744323036 0.0047113209301039 -0.0199501744323036 1.0922748698031 0.131800535446838 0.0047113209301039 0.131800535446838 0.915108233556748
1.02009051041265 -0.0216152700192774 0.00496113423986164 -0.0216152700192774 1.10080070306283 0.142384797300038 0.00496113423986164 0.142384797300038 0.909384966508213
1.02162019785146 -0.0232908936399342 0.00519203354427539 -0.0232908936399342 1.1094970951368 0.15297650853382 0.00519203354427539 0.15297650853382 0.903819005517801
1.02315484667396 -0.0249773225828289 0.00540405658023522 -0.0249773225828289 1.11836524917195 0.163577420531506 0.00540405658023522 0.163577420531506 0.898409195318443
1.02469447172288 -0.026674835557951 0.00559723784768388 -0.026674835557951 1.12740639519222 0.174189283699277 0.00559723784768388 0.174189283699277 0.893154408292772
1.02623908831351 -0.0283837127411252 0.00577160861993808 -0.0283837127411252 1.13662179026489 0.184813847759031 0.00577160861993808 0.184813847759031 0.888053544245773
1.02778871223501 -0.0301042358185937 0.00592719695345711 -0.0301042358185937 1.1460127186712 0.195452862040711 0.00592719695345711 0.195452862040711 0.883105530182332
1.02934335975194 -0.0318366880317847 0.00606402769706126 -0.0318366880317847 1.1555804920812 0.206108075774138 0.00606402769706126 0.206108075774138 0.878309320089631
1.03090304760578 -0.033581354222278 0.00618212250060422 -0.033581354222278 1.16532644973302 0.216781238380422 0.00618212250060422 0.216781238380422 0.873663894724345
1.03246779301656 -0.0353385208769697 0.00628149982309931 -0.0353385208769697 1.17525195861633 0.227474099762984 0.00628149982309931 0.227474099762984 0.869168261404604
1.03403761368453 -0.0371084761734496 0.00636217494030222 -0.0371084761734496 1.18535841366027 0.238188410598234 0.00636217494030222 0.238188410598234 0.864821453806673
1.03561252779201 -0.0388915100255925 0.00642415995175471 -0.0388915100255925 1.19564723792573 0.248925922625976 0.00642415995175471 0.248925922625976 0.860622531766316
1.03719255400516 -0.0406879141293752 0.00646746378728678 -0.0406879141293752 1.20611988280206 0.25968838893956 0.00646746378728678 0.25968838893956 0.856570581084793
1.03877771147596 -0.0424979820089231 0.00649209221298361 -0.0424979820089231 1.21677782820812 0.270477564275855 0.00649209221298361 0.270477564275855 0.852664713339467
1.04036801984421 -0.0443220090627971 0.00649804783661621 -0.0443220090627971 1.22762258279794 0.281295205305074 0.00649804783661621 0.281295205305074 0.848904065698968
1.0419634992396 -0.0461602926105249 0.00648533011253838 -0.0461602926105249 1.23865568417076 0.292143070920507 0.00648533011253838 0.292143070920507 0.845287800742883
1.04356417028391 -0.0480131319393866 0.0064539353460517 -0.0480131319393866 1.24987869908562 0.303022922528215 0.0064539353460517 0.303022922528215 0.841815106285939
1.04517005409319 -0.0498808283514602 0.00640385669723946 -0.0498808283514602 1.26129322368052 0.313936524336717 0.00640385669723946 0.313936524336717 0.838485195206636
1.04678117228015 -0.0517636852109362 0.00633508418427196 -0.0517636852109362 1.27290088369611 0.324885643646742 0.00633508418427196 0.324885643646742 0.835297305280299
1.04839754695651 -0.053662007991707 0.00624760468618309 -0.053662007991707 1.28470333470409 0.335872051141072 0.00624760468618309 0.335872051141072 0.832250699016521
1.0500192007355 -0.0555761043252399 0.00614140194512104 -0.0555761043252399 1.29670226234006 0.346897521174531 0.00614140194512104 0.346897521174531 0.829344663500942
1.05164615673441 -0.0575062840487412 0.00601645656807198 -0.0575062840487412 1.30889938254131 0.357963832064184 0.00601645656807198 0.357963832064184 0.826578510241368
1.05327843857722 -0.0594528592536181 0.00587274602806085 -0.0594528592536181 1.32129644178902 0.369072766379764 0.00587274602806085 0.369072766379764 0.823951575018155
1.05491607039733 -0.0614161443342468 0.00571024466482706 -0.0614161443342468 1.33389521735547 0.380226111234404 0.00571024466482706 0.380226111234404 0.821463217738865
1.05655907684037 -0.0633964560370551 0.00552892368497851 -0.0633964560370551 1.34669751755582 0.3914256585757 0.00552892368497851 0.3914256585757 0.81911282229714
1.05820748306702 -0.0653941135099241 0.00532875116162286 -0.0653941135099241 1.35970518200482 0.40267320547717 0.00532875116162286 0.40267320547717 0.816899796435772
1.05986131475605 -0.0674094383519225 0.00510969203347773 -0.0674094383519225 1.37292008187831 0.413970554430144 0.00510969203347773 0.413970554430144 0.814823571613944
1.06152059810728 -0.0694427546633752 0.00487170810346031 -0.0694427546633752 1.38634412017959 0.425319513636141 0.00487170810346031 0.425319513636141 0.812883602878607
1.06318535984475 -0.0714943890962779 0.00461475803675616 -0.0714943890962779 1.39997923201078 0.436721897299779 0.00461475803675616 0.436721897299779 0.811079368739967
1.06485562721994 -0.0735646709050637 0.00433879735836992 -0.0735646709050637 1.41382738484906 0.44817952592226 0.00433879735836992 0.44817952592226 0.809410371051063
1.06653142801497 -0.0756539319977318 0.00404377845015363 -0.0756539319977318 1.42789057882793 0.459694226595491 0.00404377845015363 0.459694226595491 0.807876134891397
1.06821279054609 -0.0777625069873436 0.00372965054731911 -0.0777625069873436 1.44217084702353 0.471267833296876 0.00372965054731911 0.471267833296876 0.806476208454606
1.06989974366701 -0.0798907332438957 0.00339635973442893 -0.0798907332438957 1.45667025574598 0.482902187184836 0.00339635973442893 0.482902187184836 0.805210162940132
1.07159231677255 -0.0820389509465786 0.00304384894086925 -0.0820389509465786 1.47139090483592 0.494599136895097 0.00304384894086925 0.494599136895097 0.804077592448896
1.07329053980215 -0.0842075031364273 0.00267205793580424 -0.0842075031364273 1.48633492796612 0.506360538837802 0.00267205793580424 0.506360538837802 0.803078113882912
1.07499444324368 -0.0863967357693744 0.00228092332260992 -0.0863967357693744 1.50150449294833 0.518188257495498 0.00228092332260992 0.518188257495498 0.802211366848862
1.07670405813716 -0.0886069977697111 0.00187037853279073 -0.0886069977697111 1.51690180204542 0.530084165722027 0.00187037853279073 0.530084165722027 0.801477013565572
1.07841941607865 -0.090838641083967 0.00144035381937481 -0.090838641083967 1.53252909228873 0.542050145042394 0.00144035381937481 0.542050145042394 0.800874738775404
1.08014054922423 -0.0930920207352165 0.000990776249790291 -0.0930920207352165 1.54838863580077 0.554088085953647 0.000990776249790291 0.554088085953647 0.800404249659508
1.08186749029405 -0.0953674948778183 0.000521569698221203 -0.0953674948778183 1.56448274012341 0.566199888226819 0.000521569698221203 0.566199888226819 0.80006527575694
1.08360027257643 -0.0976654248525995 3.26548374422614e-05 -0.0976654248525995 1.58081374855131 0.578387461209987 3.26548374422614e-05 0.578387461209987 0.799857568887621
1.08533892993213 -0.0999861752424895 -0.00047605086986769 -0.0999861752424895 1.59738404047097 0.590652724132476 -0.00047605086986769 0.590652724132476 0.799780903079108
1.08708349679865 -0.102330113928617 -0.00100463318033409 -0.102330113928617 1.61419603170531 0.602997606410298 -0.00100463318033409 0.602997606410298 0.799835074497177
