1.00111439023928 -0.0515346699761844 -0.0474064960290094 -0.0515346699761844 0.992526049464206 0.000260871000919399 -0.0474064960290094 0.000260871000919399 1.01135555320124
1.00185200989432 -0.0609583666781791 -0.0561724963153598 -0.0609583666781791 0.991449306191744 0.000574234623229503 -0.0561724963153598 0.000574234623229503 1.0136980861522
1.00275506783734 -0.0703730153919578 -0.0649603614870179 -0.0703730153919578 0.990463752871007 0.000970071639557063 -0.0649603614870179 0.000970071639557063 1.01612107583831
1.00382364077287 -0.0797801992455565 -0.0737715693296083 -0.0797801992455565 0.989569148487779 0.00144844876225583 -0.0737715693296083 0.00144844876225583 1.01862485439821
1.00505783325047 -0.0891814993977565 -0.0826076009023105 -0.0891814993977565 0.988765267440233 0.00200944659373717 -0.0826076009023105 0.00200944659373717 1.02120976741234
1.00645777766989 -0.098578495305299 -0.091469940785867 -0.098578495305299 0.988051899494019 0.0026531596338355 -0.091469940785867 0.0026531596338355 1.02387617395505
1.00802363429087 -0.107972764989702 -0.100360077331079 -0.107972764989702 0.987428849739964 0.00337969628951015 -0.100360077331079 0.00337969628951015 1.02662444664911
1.00975559124768 -0.1173658853037 -0.109279502907822 -0.1173658853037 0.986895938554378 0.00418917888688758 -0.109279502907822 0.00418917888688758 1.02945497172236
1.01165386456835 -0.126759432197387 -0.118229714154629 -0.126759432197387 0.986453001561937 0.00508174368564157 -0.118229714154629 0.00508174368564157 1.03236814906667
1.01371869819854 -0.13615498098407 -0.127212212228879 -0.13615498098407 0.986099889601171 0.00605754089571353 -0.127212212228879 0.00605754089571353 1.03536439229921
1.01595036403011 -0.14555410660591 -0.136228503057638 -0.14555410660591 0.985836468692511 0.00711673469637775 -0.136228503057638 0.00711673469637775 1.0384441288259
1.01834916193449 -0.154958383899373 -0.145280097589186 -0.154958383899373 0.985662620008922 0.00825950325764693 -0.145280097589186 0.00825950325764693 1.04160779990731
1.02091541980057 -0.164369387860548 -0.154368512045283 -0.164369387860548 0.9855782398491 0.00948603876402918 -0.154368512045283 0.00948603876402918 1.04485586072669
1.02364949357743 -0.173788693910377 -0.163495268174208 -0.173788693910377 0.985583239613214 0.0107965474406318 -0.163495268174208 0.0107965474406318 1.04818878046045
1.02655176732174 -0.183217878159823 -0.17266189350461 -0.183217878159823 0.985677545781223 0.0121912495816203 -0.17266189350461 0.0121912495816203 1.05160704235092
1.02962265324986 -0.192658517675057 -0.181869921600232 -0.192658517675057 0.985861099893729 0.0136703795810331 -0.181869921600232 0.0136703795810331 1.05511114378143
1.03286259179465 -0.20211219074267 -0.191120892315523 -0.20211219074267 0.986133858535384 0.0152341859659591 -0.191120892315523 0.0152341859659591 1.05870159635373
1.03627205166705 -0.211580477134977 -0.200416352052205 -0.211580477134977 0.986495793320828 0.0168829314320802 -0.200416352052205 0.0168829314320802 1.06237892596783
1.03985152992234 -0.221064958375459 -0.209757854016824 -0.221064958375459 0.986946890883176 0.0186168928815837 -0.209757854016824 0.0186168928815837 1.06614367290416
1.04360155203122 -0.230567218004368 -0.219146958479334 -0.230567218004368 0.987487152865035 0.0204363614634518 -0.219146958479334 0.0204363614634518 1.06999639190813
1.04752267195555 -0.240088841844567 -0.228585233032751 -0.240088841844567 0.988116595912051 0.0223416426161334 -0.228585233032751 0.0223416426161334 1.07393765227707
1.05161547222895 -0.249631418267623 -0.238074252853931 -0.249631418267623 0.988835251668993 0.0243330561126018 -0.238074252853931 0.0243330561126018 1.07796803794965
1.05588056404208 -0.25919653846022 -0.247615600965502 -0.25919653846022 0.989643166778356 0.0264109361078082 -0.247615600965502 0.0264109361078082 1.08208814759762
1.06031858733282 -0.268785796690921 -0.257210868499002 -0.268785796690921 0.990540402881499 0.0285756311885375 -0.257210868499002 0.0285756311885375 1.08629859472008
1.06493021088114 -0.278400790577332 -0.266861654959271 -0.278400790577332 0.991527036622305 0.0308275044256692 -0.266861654959271 0.0308275044256692 1.09060000774018
1.06971613240886 -0.288043121353707 -0.276569568490123 -0.288043121353707 0.992603159653364 0.0331669334288589 -0.276569568490123 0.0331669334288589 1.09499303010426
1.07467707868424 -0.297714394139053 -0.286336226141368 -0.297714394139053 0.993768878644694 0.0355943104036412 -0.286336226141368 0.0355943104036412 1.09947832038352
1.07981380563135 -0.307416218205752 -0.296163254137207 -0.307416218205752 0.995024315294965 0.0381100422109676 -0.296163254137207 0.0381100422109676 1.10405655237814
1.08512709844438 -0.317150207248779 -0.306052288146045 -0.317150207248779 0.996369606345271 0.0407145504291846 -0.306052288146045 0.0407145504291846 1.10872841522402
1.09061777170678 -0.326917979655533 -0.316004973551797 -0.326917979655533 0.99780490359542 0.0434082714184654 -0.316004973551797 0.0434082714184654 1.1134946135019
1.09628666951531 -0.336721158776348 -0.326022965726681 -0.336721158776348 0.999330373922756 0.0461916563876992 -0.326022965726681 0.0461916563876992 1.11835586734919
1.10213466560905 -0.346561373195703 -0.336107930305591 -0.346561373195703 1.00094619930351 0.0490651714638556 -0.336107930305591 0.0490651714638556 1.12331291257424
1.10816266350322 -0.356440257004215 -0.346261543462069 -0.356440257004215 1.00265257683667 0.0520292977638283 -0.346261543462069 0.0520292977638283 1.12836650077331
1.11437159662813 -0.366359450071412 -0.356485492185926 -0.366359450071412 1.00444971877045 0.0550845314687724 -0.356485492185926 0.0550845314687724 1.13351739945007
1.12076242847296 -0.376320598319378 -0.36678147456257 -0.376320598319378 1.00633785253118 0.0582313839009464 -0.36678147456257 0.0582313839009464 1.13876639213774
1.12733615273461 -0.386325353997287 -0.377151200054062 -0.386325353997287 1.00831722075488 0.0614703816030678 -0.377151200054062 0.0614703816030678 1.14411427852392
1.13409379347155 -0.396375375956876 -0.387596389781983 -0.396375375956876 1.01038808132127 0.0648020664202009 -0.387596389781983 0.0648020664202009 1.14956187457801
1.14103640526276 -0.406472329928911 -0.398118776812118 -0.406472329928911 1.01255070739041 0.0682269955841827 -0.398118776812118 0.0682269955841827 1.15511001268139
1.14816507337164 -0.416617888800695 -0.40872010644104 -0.416617888800695 1.01480538744183 0.0717457418006035 -0.40872010644104 0.0717457418006035 1.16075954176026
1.15548091391512 -0.426813732894637 -0.419402136484619 -0.426813732894637 1.01715242531628 0.0753588933383544 -0.419402136484619 0.0753588933383544 1.16651132742123
1.16298507403785 -0.437061550247975 -0.430166637568506 -0.437061550247975 1.01959214026 0.0790670541217577 -0.430166637568506 0.0790670541217577 1.17236625208962
1.1706787320915 -0.447363036893651 -0.441015393420659 -0.447363036893651 1.02212486697163 0.0828708438252921 -0.441015393420659 0.0828708438252921 1.1783252151506
1.17856309781933 -0.457719897142419 -0.451950201165928 -0.457719897142419 1.02475095565164 0.0867708979709291 -0.451950201165928 0.0867708979709291 1.18438913309306
1.18663941254586 -0.468133843866219 -0.462972871622778 -0.468133843866219 1.02747077205435 0.0907678680280943 -0.462972871622778 0.0907678680280943 1.19055893965633
1.19490894937183 -0.478606598782862 -0.474085229602178 -0.478606598782862 1.03028469754261 0.0948624215162715 -0.474085229602178 0.0948624215162715 1.19683558597972
1.20337301337445 -0.489139892742084 -0.485289114208717 -0.489139892742084 1.03319312914502 0.0990552421102616 -0.485289114208717 0.0990552421102616 1.20322004075495
1.21203294181287 -0.499735466013007 -0.49658637914399 -0.499735466013007 1.03619647961578 0.103347029748121 -0.49658637914399 0.103347029748121 1.20971329038145
1.22089010433908 -0.510395068573052 -0.50797889301231 -0.510395068573052 1.03929517749719 0.107738500741785 -0.50797889301231 0.107738500741785 1.21631633912456
1.22994590321406 -0.521120460398371 -0.519468539628793 -0.521120460398371 1.04248966718473 0.112230387890403 -0.519468539628793 0.112230387890403 1.22303020927671
1.2392017735294 -0.531913411755825 -0.531057218329863 -0.531913411755825 1.04578040899485 0.116823440596403 -0.531057218329863 0.116823440596403 1.22985594132151
