0.934379029299873 0.0128294718024174 0.0111939181354707 0.0128294718024174 1.0413153803685 -0.0355503002890943 0.0111939181354707 -0.0355503002890943 1.02929931798115
0.922835594813106 0.0151069170308409 0.013154588042757 0.0151069170308409 1.04923890552149 -0.0423317980938756 0.013154588042757 -0.0423317980938756 1.0349211445214
0.911445102517194 0.0173608102508387 0.0150864965284243 0.0173608102508387 1.05726939339733 -0.049194250249662 0.0150864965284243 -0.049194250249662 1.04061960753926
0.900205536104244 0.0195915299734109 0.0169899680091714 0.0195915299734109 1.06540808957008 -0.056138809592146 0.0169899680091714 -0.056138809592146 1.0463955608407
0.889114905896106 0.0217994505684948 0.0188653219063776 0.0217994505684948 1.07365625702973 -0.0631666420924304 0.0188653219063776 -0.0631666420924304 1.0522498707091
0.878171248493229 0.0239849423304965 0.0207128727029107 0.0239849423304965 1.082015176384 -0.0702789270451478 0.0207128727029107 -0.0702789270451478 1.05818341604319
0.867372626428163 0.026148371543091 0.0225329299990697 0.026148371543091 1.09048614606293 -0.0774768572587032 0.0225329299990697 -0.0774768572587032 1.06419708849725
0.856717127823624 0.0282901005433121 0.0243257985676693 0.0282901005433121 1.0990704825264 -0.0847616392476766 0.0243257985676693 -0.0847616392476766 1.0702917926232
0.846202866055078 0.0304104877849365 0.0260917784082814 0.0304104877849365 1.10776952047452 -0.0921344934274145 0.0260917784082814 -0.0921344934274145 1.07646844601488
0.835827979417792 0.032509887901177 0.0278311648006373 0.032509887901177 1.11658461306093 -0.0995966543108361 0.0278311648006373 -0.0995966543108361 1.08272797945436
0.825590630798265 0.0345886517666923 0.0295442483572049 0.0345886517666923 1.12551713210919 -0.107149370707493 0.0295442483572049 -0.107149370707493 1.08907133706045
0.815489007350016 0.036647126558929 0.0312313150749469 0.036647126558929 1.13456846833199 -0.114793905924915 0.0312313150749469 -0.114793905924915 1.09549947643933
0.805521320173639 0.0386856558188012 0.0328926463862717 0.0386856558188012 1.14374003155361 -0.122531537972265 0.0328926463862717 -0.122531537972265 1.10201336883731
0.795685804001099 0.0407045795107224 0.0345285192091844 0.0407045795107224 1.15303325093531 -0.130363559766348 0.0345285192091844 -0.130363559766348 1.10861399929588
0.785980716884181 0.0427042340819989 0.0361392059966474 0.0427042340819989 1.16244957520387 -0.138291279339997 0.0361392059966474 -0.138291279339997 1.11530236680893
0.77640433988707 0.0446849525215942 0.0377249747851599 0.0446849525215942 1.17199047288334 -0.146316020052879 0.0377249747851599 -0.146316020052879 1.12207948448221
0.766954976782983 0.0466470644182751 0.0392860892425635 0.0466470644182751 1.18165743252993 -0.154439120804746 0.0392860892425635 -0.154439120804746 1.12894637969513
0.75763095375481 0.0485908960181513 0.0408228087150843 0.0485908960181513 1.19145196297008 -0.162661936251173 0.0408228087150843 -0.162661936251173 1.13590409426477
0.748430619099711 0.0505167702816164 0.0423353882736189 0.0505167702816164 1.20137559354189 -0.170985837021809 0.0423353882736189 -0.170985837021809 1.14295368461233
0.739352342937614 0.0524250069396995 0.0438240787592711 0.0524250069396995 1.21142987433983 -0.179412209941188 0.0438240787592711 -0.179412209941188 1.15009622193181
0.730394516923565 0.054315922549843 0.0452891268281515 0.054315922549843 1.22161637646269 -0.187942458252126 0.0452891268281515 -0.187942458252126 1.15733279236117
0.721555553963877 0.0561898305511075 0.0467307749954435 0.0561898305511075 1.23193669226506 -0.196578001841741 0.0467307749954435 -0.196578001841741 1.16466449715588
0.71283388793603 0.0580470413188207 0.0481492616787452 0.0580470413188207 1.24239243561215 -0.205320277470138 0.0481492616787452 -0.205320277470138 1.17209245286485
0.704227973412271 0.0598878622186763 0.0495448212406978 0.0598878622186763 1.25298524213806 -0.214170739001792 0.0495448212406978 -0.214170739001792 1.17961779150889
0.695736285386867 0.0617125976602945 0.050917684030902 0.0617125976602945 1.26371676950759 -0.223130857639662 0.050917684030902 -0.223130857639662 1.18724166076164
0.68735731900696 0.0635215491502502 0.0522680764271361 0.0635215491502502 1.27458869768162 -0.232202122162088 0.0522680764271361 -0.232202122162088 1.19496522413302
0.679089589306981 0.0653150153445813 0.0535962208758793 0.0653150153445813 1.28560272918598 -0.241386039162484 0.0535962208758793 -0.241386039162484 1.20278966115524
0.670931630946569 0.0670932921007867 0.0549023359321494 0.0670932921007867 1.29676058938406 -0.250684133291901 0.0549023359321494 -0.250684133291901 1.21071616757137
0.662881997951959 0.0688566725293162 0.0561866362986599 0.0688566725293162 1.30806402675304 -0.260097947504458 0.0561866362986599 -0.260097947504458 1.21874595552655
0.65493926346078 0.0706054470445739 0.0574493328643062 0.0706054470445739 1.31951481316383 -0.269629043305722 0.0574493328643062 -0.269629043305722 1.22688025376182
0.647102019470234 0.0723399034154308 0.0586906327419864 0.0723399034154308 1.33111474416482 -0.279279001004038 0.0586906327419864 -0.279279001004038 1.23512030781064
0.639368876588596 0.0740603268152644 0.0599107393057617 0.0740603268152644 1.34286563926939 -0.289049419964883 0.0599107393057617 -0.289049419964883 1.24346738019809
0.631738463790001 0.0757669998715276 0.0611098522273682 0.0757669998715276 1.35476934224731 -0.29894191886826 0.0611098522273682 -0.29894191886826 1.25192275064287
0.624209428172473 0.0774602027148634 0.0622881675120794 0.0774602027148634 1.36682772142001 -0.308958135969188 0.0622881675120794 -0.308958135969188 1.26048771626194
0.61678043471915 0.0791402130277649 0.0634458775339336 0.0791402130277649 1.37904266995985 -0.319099729361328 0.0634458775339336 -0.319099729361328 1.26916359177813
0.609450166062665 0.0808073060927972 0.0645831710703257 0.0808073060927972 1.39141610619332 -0.329368377243775 0.0645831710703257 -0.329368377243775 1.27795170973044
0.602217322252643 0.0824617548403812 0.0657002333359734 0.0824617548403812 1.40394997390835 -0.339765778191082 0.0657002333359734 -0.339765778191082 1.28685342068729
0.595080620526271 0.084103829896158 0.0667972460162644 0.084103829896158 1.41664624266566 -0.350293651426536 0.0667972460162644 -0.350293651426536 1.29587009346264
0.588038795081901 0.0857337996279315 0.0678743872999883 0.0857337996279315 1.4295069081143 -0.360953737098741 0.0678743872999883 -0.360953737098741 1.30500311533505
0.581090596855643 0.0873519301922056 0.0689318319114581 0.0873519301922056 1.44253399231137 -0.371747796561561 0.0689318319114581 -0.371747796561561 1.31425389226974
0.574234793300916 0.0889584855803172 0.0699697511420339 0.0889584855803172 1.45572954404597 -0.382677612657445 0.0699697511420339 -0.382677612657445 1.3236238491436
0.567470168170914 0.0905537276641808 0.0709883128810446 0.0905537276641808 1.46909563916744 -0.393744990004205 0.0709883128810446 -0.393744990004205 1.33311442997333
0.560795521303938 0.0921379162416459 0.0719876816461202 0.0921379162416459 1.48263438091804 -0.404951755285275 0.0719876816461202 -0.404951755285275 1.34272709814653
0.554209668411585 0.0937113090814762 0.0729680186129398 0.0937113090814762 1.49634790026989 -0.416299757543507 0.0729680186129398 -0.416299757543507 1.35246333665608
0.547711440869718 0.0952741619679638 0.0739294816443963 0.0952741619679638 1.5102383562665 -0.427790868478543 0.0739294816443963 -0.427790868478543 1.36232464833749
0.541299685512214 0.0968267287451773 0.0748722253191867 0.0968267287451773 1.52430793636874 -0.439426982747829 0.0748722253191867 -0.439426982747829 1.37231255610961
0.534973264427433 0.0983692613608615 0.075796400959833 0.0983692613608615 1.53855885680537 -0.451210018271288 0.075796400959833 -0.451210018271288 1.38242860321842
0.528731054757381 0.0999020099099848 0.0767021566601373 0.0999020099099848 1.55299336292828 -0.463141916539737 0.0767021566601373 -0.463141916539737 1.39267435348423
0.522571948499532 0.101425222677954 0.0775896373120771 0.101425222677954 1.5676137295723 -0.47522464292707 0.0775896373120771 -0.47522464292707 1.40305139155209
0.51649485231126 0.102939146183494 0.0784589846321447 0.102939146183494 1.58242226141983 -0.487460187006273 0.0784589846321447 -0.487460187006273 1.41356132314558
