0.950563975604706 -0.034069595487852 0.0173434372446222 -0.034069595487852 1.00793891695386 -0.0355322579883124 0.0173434372446222 -0.0355322579883124 1.04651407711688
0.941914588152752 -0.0402355772847209 0.0206523791561069 -0.0402355772847209 1.00966509709707 -0.0423276601358995 0.0206523791561069 -0.0423276601358995 1.0554545111988
0.933395621127723 -0.0463757084309282 0.0240009956183149 -0.0463757084309282 1.01147559778867 -0.0492093860611017 0.0240009956183149 -0.0492093860611017 1.06452232300032
0.925005810440567 -0.0524910326423823 0.0273898556000107 -0.0524910326423823 1.01337091078171 -0.0561786050277514 0.0273898556000107 -0.0561786050277514 1.07371923756582
0.916743912229562 -0.058582590580491 0.0308195354795309 -0.058582590580491 1.01535154247725 -0.0632365023352795 0.0308195354795309 -0.0632365023352795 1.08304700340103
0.908608702674203 -0.0646514200232186 0.0342906191494837 -0.0646514200232186 1.01741801402545 -0.0703842795348986 0.0342906191494837 -0.0703842795348986 1.09250739279198
0.900598977812241 -0.0706985560358582 0.0378036981228217 -0.0706985560358582 1.01957086142926 -0.0776231546487467 0.0378036981228217 -0.0776231546487467 1.10210220212825
0.892713553359843 -0.0767250311415289 0.0413593716403099 -0.0767250311415289 1.02181063565072 -0.0849543623920316 0.0413593716403099 -0.0849543623920316 1.11183325223054
0.884951264534858 -0.0827318754914431 0.0449582467794056 -0.0827318754914431 1.0241379027199 -0.0923791543982184 0.0449582467794056 -0.0923791543982184 1.12170238868288
0.877310965883154 -0.0887201170349543 0.0486009385645721 -0.0887201170349543 1.02655324384641 -0.0998987994472997 0.0486009385645721 -0.0998987994472997 1.13171148216912
0.869791531108002 -0.0946907816894347 0.0522880700790464 -0.0946907816894347 1.02905725553368 -0.10751458369719 0.0522880700790464 -0.10751458369719 1.14186242881422
0.862391852902477 -0.100644893509987 0.0560202725780788 -0.100644893509987 1.03165054969584 -0.115227810918289 0.0560202725780788 -0.115227810918289 1.15215715053001
0.855110842784867 -0.106583474859043 0.0597981856036678 -0.106583474859043 1.03433375377735 -0.123039802731249 0.0597981856036678 -0.123039802731249 1.16259759536574
0.847947430937044 -0.112507546575854 0.0636224571008092 -0.112507546575854 1.03710751087538 -0.130951898848005 0.0636224571008092 -0.130951898848005 1.17318573786337
0.840900566045794 -0.118418128145923 0.067493743535283 -0.118418128145923 1.03997247986491 -0.138965457316093 0.067493743535283 -0.138965457316093 1.18392357941771
0.833969215147063 -0.12431623787039 0.0714127100129951 -0.12431623787039 1.04292933552665 -0.147081854766313 0.0714127100129951 -0.147081854766313 1.19481314864141
0.827152363473116 -0.130202893035409 0.075380030400901 -0.130202893035409 1.04597876867772 -0.155302486663779 0.075380030400901 -0.155302486663779 1.20585650173497
0.820449014302565 -0.136079110081535 0.0793963874495293 -0.136079110081535 1.04912148630519 -0.163628767562405 0.0793963874495293 -0.163628767562405 1.21705572286173
0.813858188813271 -0.141945904773168 0.083462472917129 -0.141945904773168 1.0523582117025 -0.172062131362862 0.083462472917129 -0.172062131362862 1.22841292452801
0.807378925938068 -0.147804292368058 0.0875789876954627 -0.147804292368058 1.05568968460871 -0.180604031574068 0.0875789876954627 -0.180604031574068 1.23993024796836
0.801010282223309 -0.153655287786918 0.0917466419372711 -0.153655287786918 1.05911666135069 -0.189255941578251 0.0917466419372711 -0.189255941578251 1.2516098635361
0.794751331690214 -0.159499905783165 0.0959661551854248 -0.159499905783165 1.06263991498824 -0.198019354899628 0.0959661551854248 -0.198019354899628 1.26345397109913
0.78860116569898 -0.165339161112825 0.100238256503798 -0.165339161112825 1.06626023546217 -0.206895785476766 0.100238256503798 -0.206895785476766 1.27546480044116
0.78255889281566 -0.17117406870462 0.104563684609878 -0.17117406870462 1.06997842974541 -0.215886767938653 0.104563684609878 -0.215886767938653 1.28764461166834
0.776623638681769 -0.17700564383027 0.108943188009137 -0.17700564383027 1.07379532199703 -0.224993857884546 0.108943188009137 -0.224993857884546 1.29999569562149
0.770794545886609 -0.182834902275045 0.113377525131198 -0.182834902275045 1.07771175371947 -0.234218632167642 0.113377525131198 -0.234218632167642 1.31252037429387
0.765070773842301 -0.188662860508592 0.117867464467807 -0.188662860508592 1.08172858391871 -0.243562689182618 0.117867464467807 -0.243562689182618 1.32522100125466
0.759451498661487 -0.194490535856055 0.122413784712647 -0.194490535856055 1.08584668926764 -0.253027649157103 0.122413784712647 -0.253027649157103 1.33809996207822
0.753935913037701 -0.200318946669542 0.127017274903017 -0.200318946669542 1.09006696427248 -0.262615154447124 0.127017274903017 -0.262615154447124 1.35115967477912
0.748523226128387 -0.206149112499937 0.131678734563393 -0.206149112499937 1.09439032144249 -0.272326869836594 0.131678734563393 -0.272326869836594 1.36440259025313
0.743212663440548 -0.211982054269113 0.136398973850916 -0.211982054269113 1.09881769146278 -0.282164482840876 0.136398973850916 -0.282164482840876 1.37783119272424
0.738003466719004 -0.217818794442561 0.141178813702811 -0.217818794442561 1.10335002337038 -0.292129704014503 0.141178813702811 -0.292129704014503 1.39144800019766
0.732894893837249 -0.223660357202467 0.146019085985779 -0.223660357202467 1.10798828473366 -0.302224267263087 0.146019085985779 -0.302224267263087 1.4052555649191
0.727886218690895 -0.22950776862127 0.150920633647391 -0.22950776862127 1.11273346183491 -0.312449930159492 0.150920633647391 -0.312449930159492 1.41925647384015
0.722976731093679 -0.235362056835723 0.155884310869492 -0.235362056835723 1.11758655985638 -0.322808474264321 0.155884310869492 -0.322808474264321 1.43345334909014
0.718165736676019 -0.241224252221494 0.160910983223671 -0.241224252221494 1.12254860306961 -0.333301705450763 0.160910983223671 -0.333301705450763 1.44784884845431
0.713452556786121 -0.247095387568343 0.166001527828799 -0.247095387568343 1.12762063502824 -0.343931454233897 0.166001527828799 -0.343931454233897 1.46244566585851
0.708836528393594 -0.252976498255875 0.171156833510686 -0.252976498255875 1.13280371876421 -0.354699576104457 0.171156833510686 -0.354699576104457 1.47724653186049
0.704317003995592 -0.258868622429947 0.176377800963867 -0.258868622429947 1.13809893698744 -0.365607951867178 0.176377800963867 -0.365607951867178 1.49225421414791
0.699893351525443 -0.264772801179713 0.181665342915557 -0.264772801179713 1.14350739228906 -0.376658487983739 0.181665342915557 -0.376658487983739 1.50747151804302
0.69556495426377 -0.270690078715365 0.187020384291808 -0.270690078715365 1.14903020734818 -0.387853116920387 0.187020384291808 -0.387853116920387 1.5229012870143
0.691331210752083 -0.27662150254659 0.192443862385886 -0.27662150254659 1.15466852514221 -0.399193797500303 0.192443862385886 -0.399193797500303 1.53854640319505
0.687191534708835 -0.282568123661785 0.197936727028913 -0.282568123661785 1.16042350916093 -0.410682515260778 0.197936727028913 -0.410682515260778 1.55440978790891
0.683145354947927 -0.288530996708036 0.20349994076279 -0.288530996708036 1.16629634362407 -0.422321282815244 0.20349994076279 -0.422321282815244 1.57049440220273
0.679192115299651 -0.294511180171926 0.209134479015448 -0.294511180171926 1.17228823370277 -0.434112140220259 0.209134479015448 -0.434112140220259 1.58680324738647
0.675331274534067 -0.300509736561173 0.214841330278443 -0.300509736561173 1.17840040574464 -0.446057155347481 0.214841330278443 -0.446057155347481 1.60333936558059
0.671562306286794 -0.306527732587144 0.220621496286949 -0.306527732587144 1.18463410750276 -0.458158424260716 0.220621496286949 -0.458158424260716 1.62010584027082
0.667884698987213 -0.312566239348286 0.22647599220215 -0.312566239348286 1.19099060836839 -0.470418071598114 0.22647599220215 -0.470418071598114 1.63710579687049
0.664297955789068 -0.318626332514469 0.2324058467961 -0.318626332514469 1.19747119960765 -0.48283825095956 0.2324058467961 -0.48283825095956 1.65434240329048
0.660801594503458 -0.324709092512332 0.238412102639058 -0.324709092512332 1.20407719460211 -0.495421145299357 0.238412102639058 -0.495421145299357 1.67181887051695
