0.991384624367132 0.0529721994644294 0.0366934851328343 0.0529721994644294 1.0190903034103 0.0280681886551725 0.0366934851328343 0.0280681886551725 0.994580304718707
0.990259488166836 0.0628659300542419 0.0435331252592198 0.0628659300542419 1.0230206273731 0.0334721449378793 0.0435331252592198 0.0334721449378793 0.993817547564972
0.989277350404629 0.0728147953590653 0.0504067074751852 0.0728147953590653 1.02708576430037 0.0389555115088855 0.0504067074751852 0.0389555115088855 0.99312827956257
0.988438697071728 0.0828205182401425 0.0573154221557678 0.0828205182401425 1.03128707479954 0.0445192371569783 0.0573154221557678 0.0445192371569783 0.992513038543625
0.987744037763196 0.092884837718589 0.0642604701393321 0.092884837718589 1.03562594516937 0.0501642878627661 0.0642604701393321 0.0501642878627661 0.991972374397844
0.987193905858547 0.103009509306739 0.071243062953655 0.103009509306739 1.04010378772395 0.0558916470148476 0.071243062953655 0.0558916470148476 0.991506849214196
0.986788858706696 0.113196305343432 0.0782644230446113 0.113196305343432 1.0447220411219 0.0617023156295624 0.0782644230446113 0.0617023156295624 0.991117037425006
0.986529477815316 0.12344701533329 0.0853257840074981 0.12344701533329 1.04948217070108 0.0675973125743614 0.0853257840074981 0.0675973125743614 0.990803525952525
0.986416369044635 0.133763446290066 0.0924283908210525 0.133763446290066 1.05438566881864 0.0735776747948634 0.0924283908210525 0.0735776747948634 0.99056691435796
0.986450162805751 0.144147423084134 0.0995735000842022 0.144147423084134 1.05943405519673 0.0796444575456262 0.0995735000842022 0.0796444575456262 0.990407814993057
0.986631514263472 0.154600788794179 0.106762380255602 0.154600788794179 1.06462887727365 0.0857987346247032 0.106762380255602 0.0857987346247032 0.990326853154214
0.986961103543775 0.165125405063173 0.113996311895999 0.165125405063173 1.06997171056085 0.0920415986120287 0.113996311895999 0.0920415986120287 0.990324667239205
0.987439635945904 0.175723152458699 0.121276587913484 0.175723152458699 1.0754641590056 0.0983741611116774 0.121276587913484 0.0983741611116774 0.99040190890652
0.988067842159167 0.186395930837696 0.128604513811667 0.186395930837696 1.08110785535953 0.104797552998069 0.128604513811667 0.104797552998069 0.990559243237367
0.988846478484506 0.197145659715709 0.135981407940833 0.197145659715709 1.08690446155306 0.11131292466615 0.135981407940833 0.11131292466615 0.990797348900371
0.989776327060854 0.20797427864071 0.143408601752136 0.20797427864071 1.09285566907591 0.11792144628563 0.143408601752136 0.11792144628563 0.991116918319015
0.990858196096374 0.218883747571562 0.150887440054866 0.218883747571562 1.09896319936363 0.124624308059309 0.150887440054866 0.124624308059309 0.991518657841844
0.992092920104613 0.22987604726122 0.158419281276853 0.22987604726122 1.10522880419034 0.131422720485571 0.158419281276853 0.131422720485571 0.992003287915481
0.993481360145632 0.240953179644732 0.166005497728063 0.240953179644732 1.11165426606771 0.138317914625075 0.166005497728063 0.138317914625075 0.992571543260491
0.995024404072171 0.252117168232118 0.173647475867428 0.252117168232118 1.11824139865031 0.145311142371737 0.173647475867428 0.145311142371737 0.993224173050133
0.99672296678092 0.263370058506229 0.181346616572974 0.263370058506229 1.12499204714741 0.152403676728033 0.181346616572974 0.152403676728033 0.993961941092036
0.998577990468933 0.274713918325637 0.189104335415301 0.274713918325637 1.13190808874123 0.159596812084693 0.189104335415301 0.159596812084693 0.994785626012847
1.00059044489526 0.286150838332656 0.196922062934462 0.286150838332656 1.13899143301191 0.166891864504855 0.196922062934462 0.166891864504855 0.995696021445875
1.00276132764787 0.297682932366584 0.204801244920311 0.297682932366584 1.14624402236912 0.174290172012725 0.204801244920311 0.174290172012725 0.996693936221798
1.0050916644159 0.309312337882237 0.212743342696367 0.309312337882237 1.15366783249053 0.181793094886824 0.212743342696367 0.181793094886824 0.997780194562452
1.00758250926731 0.321041216373859 0.220749833407253 0.321041216373859 1.16126487276712 0.189402015957872 0.220749833407253 0.189402015957872 0.998955636277756
1.01023494493203 0.332871753804512 0.228822210309779 0.332871753804512 1.16903718675552 0.197118340911379 0.228822210309779 0.197118340911379 1.00022111696581
1.01305008309062 0.344806161041023 0.236961983067709 0.344806161041023 1.17698685263749 0.204943498595014 0.236961983067709 0.204943498595014 1.00157750821624
1.01602906466856 0.356846674294572 0.245170678050295 0.356846674294572 1.18511598368651 0.212878941330807 0.245170678050295 0.212878941330807 1.00302569781675
1.01917306013619 0.36899555556703 0.253449838634622 0.36899555556703 1.19342672874173 0.220926145232265 0.253449838634622 0.220926145232265 1.00456658996305
1.02248326981441 0.381255093103122 0.261801025511836 0.381255093103122 1.20192127268932 0.229086610526461 0.261801025511836 0.229086610526461 1.00620110547213
1.0259609241862 0.39362760184851 0.270225816997308 0.39362760184851 1.2106018369513 0.237361861881178 0.270225816997308 0.237361861881178 1.00793018199887
1.02960728421401 0.406115423913907 0.278725809344817 0.406115423913907 1.219470679982 0.245753448737158 0.278725809344817 0.245753448737158 1.00975477425622
1.03342364166312 0.418720929045296 0.287302617064787 0.418720929045296 1.22853009777224 0.254262945645556 0.287302617064787 0.254262945645556 1.01167585423876
1.03741131943105 0.431446515100369 0.295957873246677 0.431446515100369 1.23778242436135 0.262891952610652 0.295957873246677 0.262891952610652 1.01369441144991
1.04157167188308 0.444294608531273 0.304693229885562 0.444294608531273 1.24723003235711 0.271642095437894 0.304693229885562 0.271642095437894 1.01581145313266
1.0459060851939 0.457267664873764 0.31351035821299 0.457267664873764 1.25687533346376 0.280515026087371 0.31351035821299 0.280515026087371 1.01802800450401
1.05041597769565 0.470368169242887 0.32241094903218 0.470368169242887 1.2667207790182 0.289512423032765 0.32241094903218 0.289512423032765 1.02034510899306
1.05510280023217 0.483598636835255 0.331396713057616 0.483598636835255 1.2767688605344 0.298635991625871 0.331396713057616 0.298635991625871 1.0227638284829
1.05996803651977 0.496961613438068 0.340469381259143 0.496961613438068 1.28702211025634 0.307887464466781 0.340469381259143 0.307887464466781 1.02528524355629
1.06501320351451 0.510459675944933 0.349630705210583 0.510459675944933 1.29748310171933 0.317268601779766 0.349630705210583 0.317268601779766 1.02791045374515
1.07023985178601 0.524095432878644 0.358882457442999 0.524095432878644 1.30815445032013 0.326781191795004 0.358882457442999 0.326781191795004 1.03064057778405
1.07564956589798 0.537871524920985 0.368226431802638 0.537871524920985 1.31903881389566 0.336427051136168 0.368226431802638 0.336427051136168 1.03347675386763
1.08124396479557 0.551790625449697 0.377664443813652 0.551790625449697 1.3301388933108 0.346208025214011 0.377664443813652 0.346208025214011 1.03642013991201
1.08702470219945 0.565855441082699 0.387198331045657 0.565855441082699 1.34145743305505 0.356125988626003 0.387198331045657 0.356125988626003 1.03947191382034
1.09299346700694 0.580068712229701 0.396829953486222 0.580068712229701 1.35299722184842 0.366182845562119 0.396829953486222 0.366182845562119 1.04263327375244
1.09915198370014 0.594433213651294 0.406561193918347 0.594433213651294 1.36476109325661 0.376380530216859 0.406561193918347 0.376380530216859 1.04590543839871
1.10550201276117 0.608951755025669 0.416393958303027 0.608951755025669 1.37675192631557 0.386721007207603 0.416393958303027 0.386721007207603 1.04928964725822
1.11204535109465 0.623627181523041 0.426330176166965 0.623627181523041 1.38897264616562 0.397206271999366 0.426330176166965 0.397206271999366 1.05278716092113
1.11878383245748 0.638462374387948 0.436371800995534 0.638462374387948 1.40142622469526 0.407838351336074 0.436371800995534 0.407838351336074 1.05639926135559
