1.04420400100763 -0.026260554175174 -0.0469683008349225 -0.026260554175174 1.00649023066432 -0.00724265888613473 -0.0469683008349225 -0.00724265888613473 0.954299802887069
1.05284385364232 -0.0311877081651284 -0.0555599191556667 -0.0311877081651284 1.00776701597777 -0.00840705030637786 -0.0555599191556667 -0.00840705030637786 0.946385284307148
1.061648602199 -0.0361491132519884 -0.0641441999974373 -0.0361491132519884 1.00907036148094 -0.00952046739279145 -0.0641441999974373 -0.00952046739279145 0.938615924654551
1.07061962646198 -0.0411456029788117 -0.0727225854067425 -0.0411456029788117 1.01040038647447 -0.0105830970651097 -0.0727225854067425 -0.0105830970651097 0.93099031939981
1.07975833337709 -0.0461780163103522 -0.0812965155799832 -0.0461780163103522 1.01175721462804 -0.0115951175676514 -0.0812965155799832 -0.0115951175676514 0.923507089029775
1.08906615727234 -0.0512471977710346 -0.0898674291069047 -0.0512471977710346 1.01314097399859 -0.0125566985044417 -0.0898674291069047 -0.0125566985044417 0.916164878800648
1.0985445600831 -0.0563539975837914 -0.0984367632136321 -0.0563539975837914 1.01455179704926 -0.0134680008728605 -0.0984367632136321 -0.0134680008728605 0.908962358495327
1.10819503158174 -0.0614992718097656 -0.107005954005338 -0.0614992718097656 1.015989820669 -0.0143291770958199 -0.107005954005338 -0.0143291770958199 0.901898222185038
1.11801908961185 -0.066683882488924 -0.115576436708568 -0.066683882488924 1.017455186193 -0.0151403710524812 -0.115576436708568 -0.0151403710524812 0.894971187995178
1.12801828032706 -0.0719086977815879 -0.124149645913285 -0.0719086977815879 1.01894803942377 -0.0159017181075151 -0.124149645913285 -0.0159017181075151 0.888179997875351
1.13819417843444 -0.077174592110907 -0.132727015814656 -0.077174592110907 1.02046853065304 -0.0166133451389151 -0.132727015814656 -0.0166133451389151 0.881523417373553
1.1485483874426 -0.0824824463063121 -0.141309980454632 -0.0824824463063121 1.02201681468432 -0.0172753705643594 -0.141309980454632 -0.0172753705643594 0.875000235414456
1.15908253991445 -0.0878331477479507 -0.14989997396336 -0.0878331477479507 1.02359305085629 -0.0178879043661408 -0.14989997396336 -0.0178879043661408 0.868609264081759
1.16979829772477 -0.0932275905121451 -0.158498430800465 -0.0932275905121451 1.02519740306688 -0.0184510481146576 -0.158498430800465 -0.0184510481146576 0.86234933840457
1.18069735232246 -0.0986666755178935 -0.167106785996245 -0.0986666755178935 1.02683003979811 -0.0189648949904764 -0.167106785996245 -0.0189648949904764 0.856219316147764
1.19178142499768 -0.104151310674427 -0.175726475392821 -0.104151310674427 1.02849113414173 -0.0194295298049712 -0.175726475392821 -0.0194295298049712 0.850218077606307
1.20305226715387 -0.109682411029866 -0.184358935885275 -0.109682411029866 1.03018086382555 -0.0198450290195402 -0.184358935885275 -0.0198450290195402 0.844344525403479
1.21451166058462 -0.11526089892098 -0.193005605662834 -0.11526089892098 1.03189941124061 -0.0202114607634049 -0.193005605662834 -0.0202114607634049 0.838597584292984
1.22616141775548 -0.120887704124096 -0.201667924450112 -0.120887704124096 1.03364696346903 -0.0205288848500019 -0.201667924450112 -0.0205288848500019 0.83297620096489
1.23800338209088 -0.126563764007158 -0.210347333748488 -0.126563764007158 1.03542371231277 -0.0207973527919587 -0.210347333748488 -0.0207973527919587 0.827479343855393
1.25003942826594 -0.132290023682985 -0.219045277077621 -0.132290023682985 1.03722985432298 -0.0210169078146686 -0.219045277077621 -0.0210169078146686 0.822106002960333
1.26227146250346 -0.138067436163733 -0.227763200217172 -0.138067436163733 1.03906559083032 -0.0211875848684603 -0.227763200217172 -0.0211875848684603 0.816855189652464
1.27470142287603 -0.143896962516597 -0.236502551448763 -0.143896962516597 1.04093112797592 -0.0213094106393705 -0.236502551448763 -0.0213094106393705 0.811725936502418
1.28733127961328 -0.149779572020779 -0.24526478179821 -0.149779572020779 1.04282667674324 -0.0213824035585157 -0.24526478179821 -0.0213824035585157 0.806717297103358
1.30016303541443 -0.155716242325747 -0.254051345278075 -0.155716242325747 1.04475245299062 -0.0214065738100728 -0.254051345278075 -0.0214065738100728 0.801828345899249
1.31319872576605 -0.161707959610799 -0.262863699130583 -0.161707959610799 1.04670867748474 -0.0213819233378647 -0.262863699130583 -0.0213819233378647 0.797058178016766
1.32644041926515 -0.167755718745976 -0.271703304070926 -0.167755718745976 1.04869557593482 -0.0213084458505571 -0.271703304070926 -0.0213084458505571 0.792405909100758
1.33989021794775 -0.173860523454344 -0.280571624531022 -0.173860523454344 1.05071337902764 -0.0211861268254638 -0.280571624531022 -0.0211861268254638 0.787870675153281
1.35355025762275 -0.180023386475662 -0.289470128903746 -0.180023386475662 1.05276232246336 -0.0210149435109699 -0.289470128903746 -0.0210149435109699 0.78345163237614
1.36742270821137 -0.186245329731476 -0.298400289787681 -0.186245329731476 1.05484264699222 -0.0207948649275604 -0.298400289787681 -0.0207948649275604 0.779147957016927
1.38150977409209 -0.192527384491657 -0.307363584232445 -0.192527384491657 1.05695459845205 -0.0205258518674723 -0.307363584232445 -0.0205258518674723 0.774958845218533
1.39581369445123 -0.198870591542421 -0.316361493984603 -0.198870591542421 1.05909842780654 -0.0202078568929564 -0.316361493984603 -0.0202078568929564 0.770883512872075
1.4103367436391 -0.205276001355838 -0.325395505734239 -0.205276001355838 1.06127439118442 -0.0198408243331571 -0.325395505734239 -0.0198408243331571 0.766921195473254
1.42508123153198 -0.211744674260884 -0.334467111362205 -0.211744674260884 1.06348274991953 -0.0194246902796098 -0.334467111362205 -0.0194246902796098 0.763071147982094
1.4400495038997 -0.218277680616038 -0.343577808188109 -0.218277680616038 1.06572377059162 -0.0189593825803517 -0.343577808188109 -0.0189593825803517 0.759332644686026
1.4552439427792 -0.224876100983478 -0.352729099219048 -0.224876100983478 1.06799772506809 -0.0184448208326519 -0.352729099219048 -0.0184448208326519 0.755704979066323
1.47066696685389 -0.231541026304879 -0.36192249339918 -0.231541026304879 1.07030489054661 -0.0178809163743557 -0.36192249339918 -0.0178809163743557 0.752187463667829
1.48632103183894 -0.23827355807886 -0.371159505860123 -0.23827355807886 1.07264554959855 -0.017267572273844 -0.371159505860123 -0.017267572273844 0.748779429971987
1.50220863087264 -0.245074808540102 -0.380441658172263 -0.245074808540102 1.0750199902133 -0.016604683318608 -0.380441658172263 -0.016604683318608 0.745480228273117
1.51833229491374 -0.251945900840162 -0.389770478596987 -0.251945900840162 1.07742850584356 -0.015892136002438 -0.389770478596987 -0.015892136002438 0.742289227557941
1.53469459314502 -0.258887969230025 -0.399147502339898 -0.258887969230025 1.0798713954514 -0.0151298085112189 -0.399147502339898 -0.0151298085112189 0.73920581538832
1.55129813338296 -0.265902159244407 -0.408574271805047 -0.265902159244407 1.08234896355529 -0.0143175707073441 -0.408574271805047 -0.0143175707073441 0.736229397787191
1.5681455624937 -0.272989627887858 -0.418052336850226 -0.272989627887858 1.08486152027804 -0.013455284112731 -0.418052336850226 -0.013455284112731 0.733359399127674
1.58523956681536 -0.280151543822669 -0.427583255043358 -0.280151543822669 1.08740938139562 -0.0125428018904483 -0.427583255043358 -0.0125428018904483 0.730595262025331
1.60258287258674 -0.28738908755865 -0.437168591920047 -0.28738908755865 1.08999286838693 -0.0115799688249411 -0.437168591920047 -0.0115799688249411 0.727936447233569
1.6201782463824 -0.294703451644773 -0.446809921242305 -0.294703451644773 1.0926123084845 -0.0105666213008656 -0.446809921242305 -0.0105666213008656 0.725382433542143
1.6380284955544 -0.302095840862736 -0.456508825258509 -0.302095840862736 1.0952680347261 -0.00950258728051653 -0.456508825258509 -0.00950258728051653 0.722932717678769
1.65613646868054 -0.309567472422464 -0.466266894964638 -0.309567472422464 1.09796038600733 -0.00838768627985402 -0.466266894964638 -0.00838768627985402 0.720586814213795
1.67450505601934 -0.317119576159595 -0.47608573036683 -0.317119576159595 1.10068970713515 -0.00722172934312033 -0.47608573036683 -0.00722172934312033 0.718344255467956
1.69313718997168 -0.324753394734965 -0.485966940745289 -0.324753394734965 1.10345634888237 -0.00600451901604999 -0.485966940745289 -0.00600451901604999 0.716204591423146
