1.05498398280473 0.0361240764709059 0.00387350804803444 0.0361240764709059 0.958249915478343 -0.0347642671219359 0.00387350804803444 -0.0347642671219359 0.99174526931969
1.06554816189889 0.0427911243139163 0.00446765017716773 0.0427911243139163 0.951051365436009 -0.0409404218230574 0.00446765017716773 -0.0409404218230574 0.99037196675384
1.07626029177989 0.049470870430652 0.00502564625607829 0.049470870430652 0.943994866891109 -0.0470542708162194 0.00502564625607829 -0.0470542708162194 0.989041709390534
1.08712187538379 0.0561644284789635 0.00554758906123138 0.0561644284789635 0.937078960555812 -0.053106832908266 0.00554758906123138 -0.053106832908266 0.987753991881143
1.09813443779466 0.0628729125483196 0.00603356513426325 0.0628729125483196 0.930302212840917 -0.0590991148411375 0.00603356513426325 -0.0590991148411375 0.986508316424343
1.10929952645917 0.0695974373436569 0.00648365480680341 0.0695974373436569 0.923663215574329 -0.0650321114789451 0.00648365480680341 -0.0650321114789451 0.985304192670141
1.12061871140454 0.0763391183690114 0.00689793222422291 0.0763391183690114 0.917160585724215 -0.0709068059927591 0.00689793222422291 -0.0709068059927591 0.9841411376253
1.13209358545985 0.0830990721109737 0.00727646536831872 0.0830990721109737 0.910792965126806 -0.0767241700431414 0.00727646536831872 -0.0767241700431414 0.983018675560132
1.14372576448077 0.0898784162219942 0.00761931607893731 0.0898784162219942 0.904559020218779 -0.0824851639604606 0.00761931607893731 -0.0824851639604606 0.981936337916667
1.15551688757765 0.0966782697035619 0.00792654007454476 0.0966782697035619 0.898457441774172 -0.0881907369230207 0.00792654007454476 -0.0881907369230207 0.980893663218151
1.1674686173472 0.103499753089296 0.00819818697174673 0.103499753089296 0.89248694464578 -0.0938418271330388 0.00819818697174673 -0.0938418271330388 0.979890196979889
1.1795826401075 0.110343988627983 0.00843430030376471 0.110343988627983 0.88664626751098 -0.0994393619905021 0.00843430030376471 -0.0994393619905021 0.978925491621376
1.19186066613667 0.117212100466575 0.00863491753787288 0.117212100466575 0.880934172621929 -0.104984258264939 0.00863491753787288 -0.104984258264939 0.977999106379735
1.20430442991505 0.124105214833199 0.0088000700917996 0.124105214833199 0.875349445560115 -0.110477422265136 0.0088000700917996 -0.110477422265136 0.977110607224432
1.21691569037093 0.131024460220189 0.00892978334909987 0.131024460220189 0.869890894995161 -0.115919750006826 0.00892978334909987 -0.115919750006826 0.976259566773235
1.22969623113 0.137970967567191 0.00902407667350087 0.137970967567191 0.864557352447895 -0.121312127378395 0.00902407667350087 -0.121312127378395 0.975445564209443
1.24264786076839 0.144945870444347 0.00908296342222582 0.144945870444347 0.859347672057581 -0.126655430304616 0.00908296342222582 -0.126655430304616 0.974668185200314
1.25577241306942 0.151950305235612 0.00910645095830112 0.151950305235612 0.854260730353321 -0.131950524908459 0.00910645095830112 -0.131950524908459 0.973927021816725
1.26907174728413 0.158985411322219 0.00909454066184659 0.158985411322219 0.849295426029535 -0.137198267671 0.00909454066184659 -0.137198267671 0.973221672454023
1.28254774839551 0.166052331266325 0.00904722794035936 0.166052331266325 0.844450679725509 -0.142399505589457 0.00904722794035936 -0.142399505589457 0.972551741754058
1.29620232738662 0.173152210994873 0.00896450223798791 0.173152210994873 0.839725433808945 -0.147555076333384 0.00896450223798791 -0.147555076333384 0.971916840528379
1.31003742151248 0.180286199983696 0.00884634704380234 0.180286199983696 0.835118652163482 -0.152665808399057 0.00884634704380234 -0.152665808399057 0.97131658568259
1.32405499457591 0.187455451441893 0.00869273989906555 0.187455451441893 0.830629319980152 -0.157732521262067 0.00869273989906555 -0.157732521262067 0.970750600141835
1.33825703720722 0.194661122496506 0.00850365240350444 0.194661122496506 0.826256443552711 -0.162756025528172 0.00850365240350444 -0.162756025528172 0.970218512777412
1.35264556714798 0.201904374377533 0.00827905022058939 0.201904374377533 0.821999050076812 -0.167737123082404 0.00827905022058939 -0.167737123082404 0.969719958334497
1.36722262953864 0.209186372603307 0.00801889308181794 0.209186372603307 0.817856187452997 -0.17267660723649 0.00801889308181794 -0.17267660723649 0.969254577360956
1.38199029721036 0.216508287166258 0.00772313479001008 0.216508287166258 0.813826924093447 -0.177575262874596 0.00772313479001008 -0.177575262874596 0.968822016137248
1.39695067098077 0.223871292719107 0.00739172322161592 0.223871292719107 0.80991034873245 -0.182433866597419 0.00739172322161592 -0.182433866597419 0.968421926607389
1.41210587995399 0.231276568761513 0.00702460032803644 0.231276568761513 0.806105570240577 -0.187253186864674 0.00702460032803644 -0.187253186864674 0.968053966310974
1.42745808182473 0.238725299827199 0.00662170213596196 0.238725299827199 0.802411717442498 -0.192033984135972 0.00662170213596196 -0.192033984135972 0.967717798316241
1.44300946318666 0.246218675671591 0.00618295874672772 0.246218675671591 0.798827938938414 -0.196777011010145 0.00618295874672772 -0.196777011010145 0.967413091154166
1.458762239845 0.253757891460009 0.0057082943346889 0.253757891460009 0.795353402929078 -0.201483012363025 0.0057082943346889 -0.201483012363025 0.967139518753568
1.47471865713344 0.261344147956423 0.00519762714461705 0.261344147956423 0.79198729704435 -0.206152725483705 0.00519762714461705 -0.206152725483705 0.966896760377223
1.49088099023539 0.268978651712819 0.00465086948811649 0.268978651712819 0.78872882817527 -0.210786880209313 0.00465086948811649 -0.210786880209313 0.96668450055897
1.50725154450963 0.276662615259195 0.0040679277390689 0.276662615259195 0.785577222309613 -0.215386199058325 0.0040679277390689 -0.215386199058325 0.966502429041797
1.52383265582041 0.284397257294225 0.00344870232809641 0.284397257294225 0.782531724370865 -0.219951397362425 0.00344870232809641 -0.219951397362425 0.966350240716881
1.54062669087202 0.292183802876621 0.00279308773605341 0.292183802876621 0.779591598060646 -0.224483183396963 0.00279308773605341 -0.224483183396963 0.966227635563611
1.55763604754789 0.300023483617215 0.00210097248654134 0.300023483617215 0.776756125704473 -0.228982258510009 0.00210097248654134 -0.228982258510009 0.966134318590527
1.57486315525432 0.307917537871801 0.00137223913745231 0.307917537871801 0.774024608100906 -0.233449317250049 0.00137223913745231 -0.233449317250049 0.96606999977721
1.59231047526875 0.315867210934765 0.000606764271534915 0.315867210934765 0.771396364373984 -0.237885047492325 0.000606764271534915 -0.237885047492325 0.966034394017085
1.60998050109284 0.32387375523353 -0.000195581514008433 0.32387375523353 0.768870731828966 -0.242290130563859 -0.000195581514008433 -0.242290130563859 0.966027221061139
1.62787575881014 0.33193843052385 -0.00103493361890361 0.33193843052385 0.76644706581132 -0.246665241367182 -0.00103493361890361 -0.246665241367182 0.966048205462535
1.64599880744866 0.340062504085991 -0.00191143345215675 0.340062504085991 0.764124739568946 -0.251011048502778 -0.00191143345215675 -0.251011048502778 0.966097076522118
1.66435223934825 0.348247250921807 -0.00282522844538212 0.348247250921807 0.76190314411759 -0.25532821439028 -0.00282522844538212 -0.25532821439028 0.966173568234798
1.68293868053276 0.356493953952776 -0.00377647206710584 0.356493953952776 0.75978168810945 -0.25961739538843 -0.00377647206710584 -0.25961739538843 0.966277419236798
1.70176079108732 0.364803904218993 -0.00476532383804171 0.364803904218993 0.757759797704904 -0.263879241913841 -0.00476532383804171 -0.263879241913841 0.966408372753769
1.7208212655405 0.373178401079179 -0.00579194934734902 0.373178401079179 0.755836916447366 -0.268114398558551 -0.00579194934734902 -0.268114398558551 0.966566176549739
1.74012283325151 0.381618752411716 -0.00685652026986128 0.381618752411716 0.754012505141248 -0.272323504206432 -0.00685652026986128 -0.272323504206432 0.966750582876913
1.75966825880257 0.390126274816758 -0.00795921438430131 0.390126274816758 0.752286041732965 -0.27650719214844 -0.00795921438430131 -0.27650719214844 0.966961348426293
1.77946034239642 0.398702293819432 -0.00910021559246835 0.398702293819432 0.750657021195002 -0.280666090196744 -0.00910021559246835 -0.280666090196744 0.967198234279117
