0.998234835279432 -0.0316044779671269 0.0443610601079167 -0.0316044779671269 0.961137335112809 -0.0195584716337956 0.0443610601079167 -0.0195584716337956 1.04567466677311
0.998230839990289 -0.0373593935918759 0.052781059585008 -0.0373593935918759 0.954316607271483 -0.0233146625573015 0.052781059585008 -0.0233146625573015 1.05453629047803
0.998327548300131 -0.0431012499131728 0.0612890270439158 -0.0431012499131728 0.947592783351434 -0.0271232659708112 0.0612890270439158 -0.0271232659708112 1.06354959259694
0.998525529965038 -0.0488310377829058 0.0698864292464194 -0.0488310377829058 0.940965256370557 -0.0309849382988221 0.0698864292464194 -0.0309849382988221 1.07271668064283
0.998825371905777 -0.0545497491971517 0.0785747527819206 -0.0545497491971517 0.934433431889344 -0.034900347043796 0.0785747527819206 -0.034900347043796 1.0820396931092
0.999227678363121 -0.0602583774570998 0.0873555043682002 -0.0602583774570998 0.927996727963828 -0.0388701709283614 0.0873555043682002 -0.0388701709283614 1.09152079991663
0.9997330710564 -0.0659579173307311 0.096230211156398 -0.0659579173307311 0.921654575100324 -0.0428951000397815 0.096230211156398 -0.0428951000397815 1.10116220286586
1.00034218934536 -0.0716493652153066 0.105200421040281 -0.0716493652153066 0.915406416211929 -0.0469758359767178 0.105200421040281 -0.0469758359767178 1.11096613609746
1.00105569039534 -0.0773337193006806 0.114267702969864 -0.0773337193006806 0.909251706576829 -0.051113091998323 0.114267702969864 -0.051113091998323 1.12093486655815
1.00187424934581 -0.0830119797334659 0.123433647269443 -0.0830119797334659 0.903189913798369 -0.0553075931756908 0.123433647269443 -0.0553075931756908 1.13107069447397
1.00279855948231 -0.0886851487820848 0.132699865960113 -0.0886851487820848 0.897220517766902 -0.0595600765456988 0.132699865960113 -0.0595600765456988 1.14137595383022
1.00382933241182 -0.0943542310027351 0.142067993086831 -0.0943542310027351 0.89134301062343 -0.0638712912672739 0.142067993086831 -0.0638712912672739 1.15185301285854
1.00496729824166 -0.100020233406296 0.151539685050098 -0.100020233406296 0.885556896725023 -0.0682419987801144 0.151539685050098 -0.0682419987801144 1.16250427453089
1.00621320576181 -0.105684165626205 0.161116620942316 -0.105684165626205 0.879861692612012 -0.0726729729659035 0.161116620942316 -0.0726729729659035 1.17333217706085
1.00756782263091 -0.111347040087339 0.170800502888908 -0.111347040087339 0.874256926976977 -0.0771650003120464 0.170800502888908 -0.0771650003120464 1.18433919441213
1.00903193556577 -0.117009872175924 0.180593056394247 -0.117009872175924 0.868742140635513 -0.0817188800779656 0.180593056394247 -0.0817188800779656 1.19552783681453
1.01060635053458 -0.12267368041051 0.190496030692497 -0.12267368041051 0.863316886498788 -0.0863354244639918 0.190496030692497 -0.0863354244639918 1.20690065128734
1.01229189295378 -0.128339486614031 0.200511199103401 -0.128339486614031 0.857980729547883 -0.0910154587828832 0.200511199103401 -0.0910154587828832 1.21846022217038
1.01408940788867 -0.134008316086996 0.210640359393119 -0.134008316086996 0.852733246809934 -0.0957598216340098 0.210640359393119 -0.0957598216340098 1.23020917166275
1.01599976025783 -0.139681197781832 0.220885334140179 -0.139681197781832 0.847574027336057 -0.100569365080243 0.220885334140179 -0.100569365080243 1.24215016036942
1.01802383504127 -0.145359164478408 0.231247971106617 -0.145359164478408 0.842502672181074 -0.105444954827582 0.231247971106617 -0.105444954827582 1.25428588785577
1.02016253749258 -0.15104325296078 0.241730143614374 -0.15104325296078 0.837518794385047 -0.110387470407559 0.241730143614374 -0.110387470407559 1.26661909321013
1.02241679335489 -0.156734504195186 0.252333750927049 -0.156734504195186 0.832622018956605 -0.11539780536246 0.252333750927049 -0.11539780536246 1.27915255561458
1.02478754908086 -0.16243396350932 0.263060718637065 -0.16243396350932 0.827811982858082 -0.120476867433401 0.263060718637065 -0.120476867433401 1.29188909492397
1.02727577205661 -0.16814268077292 0.273912999058341 -0.16814268077292 0.823088334992469 -0.125625578751296 0.273912999058341 -0.125625578751296 1.30483157225341
1.02988245082979 -0.173861710579705 0.284892571624539 -0.173861710579705 0.818450736192181 -0.130844876030766 0.284892571624539 -0.130844876030766 1.31798289057424
1.03260859534174 -0.17959211243069 0.296001443292988 -0.17959211243069 0.813898859209648 -0.136135710767016 0.296001443292988 -0.136135710767016 1.33134599531869
1.03545523716377 -0.185334950918915 0.30724164895434 -0.185334950918915 0.809432388709719 -0.141499049435731 0.30724164895434 -0.141499049435731 1.34492387499333
1.03842342973768 -0.191091295915627 0.318615251848076 -0.191091295915627 0.805051021263921 -0.146935873696033 0.318615251848076 -0.146935873696033 1.35871956180144
1.04151424862058 -0.196862222757932 0.330124343983912 -0.196862222757932 0.80075446534653 -0.152447180596536 0.330124343983912 -0.152447180596536 1.37273613227435
1.04472879173401 -0.202648812437979 0.341771046569226 -0.202648812437979 0.796542441332499 -0.158033982784548 0.341771046569226 -0.158033982784548 1.38697670791203
1.04806817961737 -0.208452151793683 0.353557510442564 -0.208452151793683 0.792414681497236 -0.163697308718461 0.353557510442564 -0.163697308718461 1.40144445583295
1.05153355568592 -0.214273333701039 0.36548591651334 -0.214273333701039 0.788370930018228 -0.169438202883369 0.36548591651334 -0.169438202883369 1.41614258943338
1.05512608649311 -0.220113457268065 0.377558476207801 -0.220113457268065 0.784410942978535 -0.175257726009972 0.377558476207801 -0.175257726009972 1.43107436905628
1.05884696199757 -0.225973628030392 0.389777431921363 -0.225973628030392 0.780534488372157 -0.181156955296799 0.389777431921363 -0.181156955296799 1.44624310266986
1.06269739583464 -0.231854958148559 0.402145057477398 -0.231854958148559 0.776741346111265 -0.187136984635801 0.402145057477398 -0.187136984635801 1.46165214655605
1.06667862559259 -0.237758566607039 0.414663658592587 -0.237758566607039 0.773031308035329 -0.193198924841364 0.414663658592587 -0.193198924841364 1.47730490600895
1.07079191309356 -0.243685579415025 0.427335573348906 -0.243685579415025 0.769404177922137 -0.199343903882786 0.427335573348906 -0.199343903882786 1.49320483604337
1.07503854467923 -0.249637129809043 0.440163172672374 -0.249637129809043 0.765859771500714 -0.205573067120273 0.440163172672374 -0.205573067120273 1.50935544211375
1.0794198315014 -0.255614358457383 0.453148860818635 -0.255614358457383 0.762397916466148 -0.211887577544487 0.453148860818635 -0.211887577544487 1.52576028084345
1.08393710981747 -0.261618413666443 0.466295075865491 -0.261618413666443 0.759018452496343 -0.218288616019724 0.466295075865491 -0.218288616019724 1.54242296076463
1.0885917412908 -0.267650451588974 0.479604290212484 -0.267650451588974 0.755721231270695 -0.22477738153074 0.479604290212484 -0.22477738153074 1.55934714306893
1.09338511329623 -0.273711636434295 0.493079011087627 -0.273711636434295 0.752506116490711 -0.231355091433309 0.493079011087627 -0.231355091433309 1.57653654236898
1.09831863923062 -0.279803140680517 0.506721781061385 -0.279803140680517 0.749372983902574 -0.238022981708539 0.506721781061385 -0.238022981708539 1.59399492747099
1.10339375882856 -0.285926145288795 0.520535178568027 -0.285926145288795 0.74632172132167 -0.24478230722101 0.520535178568027 -0.24478230722101 1.6117261221586
1.10861193848333 -0.292081839919679 0.534521818434441 -0.292081839919679 0.743352228659083 -0.251634341980797 0.534521818434441 -0.251634341980797 1.62973400598803
1.11397467157317 -0.298271423151573 0.548684352416527 -0.298271423151573 0.740464417950071 -0.258580379409411 0.548684352416527 -0.258580379409411 1.6480225150948
1.11948347879294 -0.30449610270138 0.563025469743284 -0.30449610270138 0.737658213384544 -0.265621732609738 0.563025469743284 -0.265621732609738 1.66659564301223
1.12513990849111 -0.310757095647336 0.577547897668693 -0.310757095647336 0.734933551339526 -0.27275973464001 0.577547897668693 -0.27275973464001 1.68545744150171
1.13094553701245 -0.317055628654105 0.592254402031519 -0.317055628654105 0.73229038041366 -0.279995738791884 0.592254402031519 -0.279995738791884 1.7046120213951
