0.962140730886356 0.00404759556980178 -0.040091171987187 0.00404759556980178 0.988653435286227 -0.0359145504878607 -0.040091171987187 -0.0359145504878607 1.05425849019053
0.955521777079756 0.00492518911922817 -0.0475360119366966 0.00492518911922817 0.986723969386995 -0.0426907132852017 -0.0475360119366966 -0.0426907132852017 1.06484764359685
0.949005407022446 0.005844771270143 -0.055009197413553 0.005844771270143 0.984843190715388 -0.0495254775017152 -0.055009197413553 -0.0495254775017152 1.07563620838748
0.94259111809753 0.00680650051318733 -0.0625120211317582 0.00680650051318733 0.983011399595487 -0.0564200249256888 -0.0625120211317582 -0.0564200249256888 1.08662667488963
0.936278420856953 0.00781054303776881 -0.0700457854958699 0.00781054303776881 0.981228903451765 -0.0633755517303641 -0.0700457854958699 -0.0633755517303641 1.0978215743098
0.930066839002723 0.00885707278654951 -0.0776118028396716 0.00885707278654951 0.979496016891725 -0.0703932687135381 -0.0776118028396716 -0.0703932687135381 1.10922347928808
0.923955909370078 0.00994627151135143 -0.0852113956673318 0.00994627151135143 0.977813061789957 -0.077474401540384 -0.0852113956673318 -0.077474401540384 1.12083500446093
0.917945181912547 0.0110783288304869 -0.0928458968971098 0.0110783288304869 0.976180367373604 -0.0846201909895449 -0.0928458968971098 -0.0846201909895449 1.13265880703277
0.912034219688965 0.0122534422875374 -0.100516650107646 0.0122534422875374 0.974598270309284 -0.0918318932025487 -0.100516650107646 -0.0918318932025487 1.14469758735635
0.906222598852397 0.0134718174115866 -0.108225009786889 0.0134718174115866 0.973067114791481 -0.099110779936595 -0.108225009786889 -0.099110779936595 1.15695408952207
0.900509908641014 0.0147336677789275 -0.115972341583712 0.0147336677789275 0.971587252632399 -0.106458138820773 -0.115972341583712 -0.106458138820773 1.16943110195643
0.894895751370914 0.0160392150762586 -0.123760022562256 0.0160392150762586 0.970159043353333 -0.113875273615749 -0.123760022562256 -0.113875273615749 1.1821314580296
0.889379742430891 0.0173886891653852 -0.131589441459069 0.0173886891653852 0.96878285427757 -0.121363504476999 -0.131589441459069 -0.121363504476999 1.19505803667247
0.883961510279169 0.0187823281494404 -0.139461998943068 0.0187823281494404 0.967459060624814 -0.128924168221618 -0.139461998943068 -0.128924168221618 1.20821376300304
0.8786406964421 0.02022037844064 -0.147379107878398 0.02022037844064 0.966188045607189 -0.136558618598778 -0.147379107878398 -0.136558618598778 1.22160160896251
0.873416955514841 0.0217030948295992 -0.155342193590222 0.0217030948295992 0.964970200526829 -0.144268226563882 -0.155342193590222 -0.144268226563882 1.23522459396104
0.868289955164012 0.0232307405562087 -0.163352694133509 0.0232307405562087 0.963805924875067 -0.15205438055648 -0.163352694133509 -0.15205438055648 1.2490857855335
0.863259376132344 0.0248035873821065 -0.171412060564856 0.0248035873821065 0.962695626433259 -0.159918486781984 -0.171412060564856 -0.159918486781984 1.2631883000051
0.858324912245343 0.0264219156647503 -0.179521757217422 0.0264219156647503 0.961639721375258 -0.167861969497276 -0.179521757217422 -0.167861969497276 1.27753530316735
0.853486270419941 0.0280860144331161 -0.187683261979002 0.0280860144331161 0.960638634371557 -0.175886271300231 -0.187683261979002 -0.175886271300231 1.29213001096418
0.848743170675194 0.0297961814650349 -0.195898066573314 0.0297961814650349 0.959692798695143 -0.183992853423235 -0.195898066573314 -0.183992853423235 1.30697569018862
0.844095346144986 0.0315527233661902 -0.204167676844554 0.0315527233661902 0.958802656329046 -0.192183196030767 -0.204167676844554 -0.192183196030767 1.32207565919007
0.839542543092794 0.0333559556507944 -0.212493613045265 0.0333559556507944 0.957968658075662 -0.200458798521075 -0.212493613045265 -0.200458798521075 1.33743328859228
0.83508452092849 0.0352062028239633 -0.22087741012759 0.0352062028239633 0.957191263667815 -0.208821179832055 -0.22087741012759 -0.208821179832055 1.3530520020223
0.830721052227218 0.0371037984658041 -0.229320618037956 0.0371037984658041 0.956470941881628 -0.217271878751348 -0.229320618037956 -0.217271878751348 1.36893527685046
0.826451922750332 0.0390490853172448 -0.237824802015258 0.0390490853172448 0.955808170651208 -0.225812454230758 -0.237824802015258 -0.225812454230758 1.38508664494164
0.822276931468433 0.0410424153676197 -0.246391542892598 0.0410424153676197 0.955203437185166 -0.234444485705036 -0.246391542892598 -0.234444485705036 1.4015096934178
0.818195890586495 0.0430841499440301 -0.255022437402639 0.0430841499440301 0.954657238085007 -0.243169573415107 -0.255022437402639 -0.243169573415107 1.41820806543225
0.814208625571104 0.0451746598025053 -0.263719098486634 0.0451746598025053 0.954170079465416 -0.251989338735793 -0.263719098486634 -0.251989338735793 1.43518546095542
0.810314975179824 0.0473143252209844 -0.272483155607198 0.0473143252209844 0.953742477076457 -0.260905424508119 -0.272483155607198 -0.260905424508119 1.45244563757269
0.806514791492695 0.049503536094138 -0.281316255064883 0.049503536094138 0.953374956427723 -0.269919495376261 -0.281316255064883 -0.269919495376261 1.46999241129422
0.802807939945881 0.0517426920300525 -0.290220060318614 0.0517426920300525 0.953068052914456 -0.279033238129204 -0.290220060318614 -0.279033238129204 1.48782965737693
0.799194299367488 0.0540322024488031 -0.299196252310064 0.0540322024488031 0.952822311945661 -0.288248362047186 -0.299196252310064 -0.288248362047186 1.505961311159
0.79567376201556 0.0563724866829336 -0.308246529792019 0.0563724866829336 0.95263828907426 -0.297566599253009 -0.308246529792019 -0.297566599253009 1.52439136890691
0.792246233618258 0.0587639740798665 -0.317372609660806 0.0587639740798665 0.952516550129291 -0.306989705068261 -0.317372609660806 -0.306989705068261 1.54312388867519
0.788911633416265 0.0612071041062712 -0.32657622729286 0.0612071041062712 0.952457671350199 -0.316519458374569 -0.32657622729286 -0.316519458374569 1.56216299117916
0.785669894207402 0.0637023264544094 -0.335859136885477 0.0637023264544094 0.952462239523235 -0.32615766197991 -0.335859136885477 -0.32615766197991 1.58151286068085
0.782520962393488 0.0662501011504827 -0.345223111801847 0.0662501011504827 0.952530852120001 -0.335906142990095 -0.345223111801847 -0.335906142990095 1.60117774588813
0.779464798029464 0.0688508986650132 -0.354669944920414 0.0688508986650132 0.952664117438171 -0.345766753185485 -0.354669944920414 -0.345766753185485 1.62116196086747
0.776501374874778 0.0715052000252696 -0.364201448988655 0.0715052000252696 0.95286265474441 -0.355741369403016 -0.364201448988655 -0.355741369403016 1.64146988597029
0.773630680447072 0.074213496929782 -0.37381945698133 0.074213496929782 0.953127094419536 -0.365831893923625 -0.37381945698133 -0.365831893923625 1.66210596877331
0.770852716078171 0.0769762918649504 -0.383525822463298 0.0769762918649504 0.953458078105936 -0.37604025486515 -0.383525822463298 -0.37604025486515 1.68307472503297
0.768167496972406 0.0797940982237944 -0.393322419956949 0.0797940982237944 0.953856258857294 -0.386368406580789 -0.393322419956949 -0.386368406580789 1.70438073965414
0.765575052267268 0.0826674404268521 -0.403211145314342 0.0826674404268521 0.954322301290639 -0.396818330063193 -0.403211145314342 -0.396818330063193 1.72602866767336
0.763075425096448 0.0855968540452737 -0.413193916094133 0.0855968540452737 0.954856881740761 -0.407392033354301 -0.413193916094133 -0.407392033354301 1.74802323525685
0.760668672655236 0.0885828859261175 -0.42327267194334 0.0885828859261175 0.955460688417024 -0.41809155196097 -0.42327267194334 -0.41809155196097 1.77036924071335
0.758354866268343 0.0916260943198968 -0.433449374984059 0.0916260943198968 0.956134421562609 -0.428918949276514 -0.433449374984059 -0.428918949276514 1.79307155552222
0.756134091460137 0.0947270490103882 -0.443726010205184 0.0947270490103882 0.956878793616213 -0.439876317008232 -0.443726010205184 -0.439876317008232 1.81613512537686
0.754006448027326 0.0978863314467463 -0.454104585859224 0.0978863314467463 0.957694529376268 -0.450965775611008 -0.454104585859224 -0.450965775611008 1.83956497124369
0.751972050114104 0.10110453487794 -0.464587133864294 0.10110453487794 0.958582366167672 -0.462189474727083 -0.464587133864294 -0.462189474727083 1.86336619043708
