5.075376629829406738e-01 0.000000000000000000e+00 0.000000000000000000e+00 0.000000000000000000e+00 5.075376629829406738e-01 0.000000000000000000e+00 0.000000000000000000e+00 0.000000000000000000e+00 1.625625252723693848e+00 -8.945423126220703125e+01 0.000000000000000000e+00 0.000000000000000000e+00 0.000000000000000000e+00 -8.135047149658203125e+01 0.000000000000000000e+00 0.000000000000000000e+00 0.000000000000000000e+00 3.814697265625000000e-06 3.491118621826171875e+01
5.150753855705261230e-01 0.000000000000000000e+00 0.000000000000000000e+00 0.000000000000000000e+00 5.150753855705261230e-01 0.000000000000000000e+00 0.000000000000000000e+00 0.000000000000000000e+00 1.616814136505126953e+00 -8.734199523925781250e+01 0.000000000000000000e+00 0.000000000000000000e+00 0.000000000000000000e+00 -7.905030059814453125e+01 0.000000000000000000e+00 0.000000000000000000e+00 0.000000000000000000e+00 -3.814697265625000000e-06 3.364040374755859375e+01
5.226130485534667969e-01 0.000000000000000000e+00 0.000000000000000000e+00 0.000000000000000000e+00 5.226130485534667969e-01 0.000000000000000000e+00 0.000000000000000000e+00 0.000000000000000000e+00 1.607866883277893066e+00 -8.527376556396484375e+01 0.000000000000000000e+00 0.000000000000000000e+00 0.000000000000000000e+00 -7.680248260498046875e+01 0.000000000000000000e+00 0.000000000000000000e+00 0.000000000000000000e+00 -3.814697265625000000e-06 3.240251922607421875e+01
5.301507711410522461e-01 0.000000000000000000e+00 0.000000000000000000e+00 0.000000000000000000e+00 5.301507711410522461e-01 0.000000000000000000e+00 0.000000000000000000e+00 0.000000000000000000e+00 1.598790645599365234e+00 -8.324769592285156250e+01 0.000000000000000000e+00 0.000000000000000000e+00 0.000000000000000000e+00 -7.460556030273437500e+01 0.000000000000000000e+00 0.000000000000000000e+00 0.000000000000000000e+00 -3.814697265625000000e-06 3.119681549072265625e+01
5.376884341239929199e-01 0.000000000000000000e+00 0.000000000000000000e+00 0.000000000000000000e+00 5.376884341239929199e-01 0.000000000000000000e+00 0.000000000000000000e+00 0.000000000000000000e+00 1.589592695236206055e+00 -8.126211547851562500e+01 0.000000000000000000e+00 0.000000000000000000e+00 0.000000000000000000e+00 -7.245825195312500000e+01 0.000000000000000000e+00 0.000000000000000000e+00 0.000000000000000000e+00 3.814697265625000000e-06 3.002259063720703125e+01
5.452261567115783691e-01 0.000000000000000000e+00 0.000000000000000000e+00 0.000000000000000000e+00 5.452261567115783691e-01 0.000000000000000000e+00 0.000000000000000000e+00 0.000000000000000000e+00 1.580280065536499023e+00 -7.931539154052734375e+01 0.000000000000000000e+00 0.000000000000000000e+00 0.000000000000000000e+00 -7.035926055908203125e+01 0.000000000000000000e+00 0.000000000000000000e+00 0.000000000000000000e+00 3.814697265625000000e-06 2.887920379638671875e+01
5.527638196945190430e-01 0.000000000000000000e+00 0.000000000000000000e+00 0.000000000000000000e+00 5.527638196945190430e-01 0.000000000000000000e+00 0.000000000000000000e+00 0.000000000000000000e+00 1.570860147476196289e+00 -7.740602874755859375e+01 0.000000000000000000e+00 0.000000000000000000e+00 0.000000000000000000e+00 -6.830739593505859375e+01 0.000000000000000000e+00 0.000000000000000000e+00 0.000000000000000000e+00 0.000000000000000000e+00 2.776597595214843750e+01
5.603014826774597168e-01 0.000000000000000000e+00 0.000000000000000000e+00 0.000000000000000000e+00 5.603014826774597168e-01 0.000000000000000000e+00 0.000000000000000000e+00 0.000000000000000000e+00 1.561340093612670898e+00 -7.553255462646484375e+01 0.000000000000000000e+00 0.000000000000000000e+00 0.000000000000000000e+00 -6.630146026611328125e+01 0.000000000000000000e+00 0.000000000000000000e+00 0.000000000000000000e+00 0.000000000000000000e+00 2.668230438232421875e+01
5.678392052650451660e-01 0.000000000000000000e+00 0.000000000000000000e+00 0.000000000000000000e+00 5.678392052650451660e-01 0.000000000000000000e+00 0.000000000000000000e+00 0.000000000000000000e+00 1.551726937294006348e+00 -7.369361877441406250e+01 0.000000000000000000e+00 0.000000000000000000e+00 0.000000000000000000e+00 -6.434033966064453125e+01 0.000000000000000000e+00 0.000000000000000000e+00 0.000000000000000000e+00 7.629394531250000000e-06 2.562757873535156250e+01
5.753768682479858398e-01 0.000000000000000000e+00 0.000000000000000000e+00 0.000000000000000000e+00 5.753768682479858398e-01 0.000000000000000000e+00 0.000000000000000000e+00 0.000000000000000000e+00 1.542027711868286133e+00 -7.188792419433593750e+01 0.000000000000000000e+00 0.000000000000000000e+00 0.000000000000000000e+00 -6.242298889160156250e+01 0.000000000000000000e+00 0.000000000000000000e+00 0.000000000000000000e+00 3.814697265625000000e-06 2.460120391845703125e+01
5.829145908355712891e-01 0.000000000000000000e+00 0.000000000000000000e+00 0.000000000000000000e+00 5.829145908355712891e-01 0.000000000000000000e+00 0.000000000000000000e+00 0.000000000000000000e+00 1.532249450683593750e+00 -7.011421966552734375e+01 0.000000000000000000e+00 0.000000000000000000e+00 0.000000000000000000e+00 -6.054830169677734375e+01 0.000000000000000000e+00 0.000000000000000000e+00 0.000000000000000000e+00 0.000000000000000000e+00 2.360260009765625000e+01
5.904522538185119629e-01 0.000000000000000000e+00 0.000000000000000000e+00 0.000000000000000000e+00 5.904522538185119629e-01 0.000000000000000000e+00 0.000000000000000000e+00 0.000000000000000000e+00 1.522398829460144043e+00 -6.837136077880859375e+01 0.000000000000000000e+00 0.000000000000000000e+00 0.000000000000000000e+00 -5.871529388427734375e+01 0.000000000000000000e+00 0.000000000000000000e+00 0.000000000000000000e+00 0.000000000000000000e+00 2.263122558593750000e+01
5.979899764060974121e-01 0.000000000000000000e+00 0.000000000000000000e+00 0.000000000000000000e+00 5.979899764060974121e-01 0.000000000000000000e+00 0.000000000000000000e+00 0.000000000000000000e+00 1.512482643127441406e+00 -6.665818786621093750e+01 0.000000000000000000e+00 0.000000000000000000e+00 0.000000000000000000e+00 -5.692295074462890625e+01 0.000000000000000000e+00 0.000000000000000000e+00 0.000000000000000000e+00 7.629394531250000000e-06 2.168655395507812500e+01
6.055276393890380859e-01 0.000000000000000000e+00 0.000000000000000000e+00 0.000000000000000000e+00 6.055276393890380859e-01 0.000000000000000000e+00 0.000000000000000000e+00 0.000000000000000000e+00 1.502507209777832031e+00 -6.497367858886718750e+01 0.000000000000000000e+00 0.000000000000000000e+00 0.000000000000000000e+00 -5.517034912109375000e+01 0.000000000000000000e+00 0.000000000000000000e+00 0.000000000000000000e+00 0.000000000000000000e+00 2.076802062988281250e+01
6.130653023719787598e-01 0.000000000000000000e+00 0.000000000000000000e+00 0.000000000000000000e+00 6.130653023719787598e-01 0.000000000000000000e+00 0.000000000000000000e+00 0.000000000000000000e+00 1.492479085922241211e+00 -6.331680297851562500e+01 0.000000000000000000e+00 0.000000000000000000e+00 0.000000000000000000e+00 -5.345651245117187500e+01 0.000000000000000000e+00 0.000000000000000000e+00 0.000000000000000000e+00 -3.814697265625000000e-06 1.987516403198242188e+01
6.206030249595642090e-01 0.000000000000000000e+00 0.000000000000000000e+00 0.000000000000000000e+00 6.206030249595642090e-01 0.000000000000000000e+00 0.000000000000000000e+00 0.000000000000000000e+00 1.482404351234436035e+00 -6.168654632568359375e+01 0.000000000000000000e+00 0.000000000000000000e+00 0.000000000000000000e+00 -5.178049468994140625e+01 0.000000000000000000e+00 0.000000000000000000e+00 0.000000000000000000e+00 3.814697265625000000e-06 1.900746536254882812e+01
6.281406879425048828e-01 0.000000000000000000e+00 0.000000000000000000e+00 0.000000000000000000e+00 6.281406879425048828e-01 0.000000000000000000e+00 0.000000000000000000e+00 0.000000000000000000e+00 1.472288966178894043e+00 -6.008203125000000000e+01 0.000000000000000000e+00 0.000000000000000000e+00 0.000000000000000000e+00 -5.014144897460937500e+01 0.000000000000000000e+00 0.000000000000000000e+00 0.000000000000000000e+00 3.814697265625000000e-06 1.816444778442382812e+01
6.356784105300903320e-01 0.000000000000000000e+00 0.000000000000000000e+00 0.000000000000000000e+00 6.356784105300903320e-01 0.000000000000000000e+00 0.000000000000000000e+00 0.000000000000000000e+00 1.462138772010803223e+00 -5.850236511230468750e+01 0.000000000000000000e+00 0.000000000000000000e+00 0.000000000000000000e+00 -4.853848266601562500e+01 0.000000000000000000e+00 0.000000000000000000e+00 0.000000000000000000e+00 -3.814697265625000000e-06 1.734564208984375000e+01
6.432160735130310059e-01 0.000000000000000000e+00 0.000000000000000000e+00 0.000000000000000000e+00 6.432160735130310059e-01 0.000000000000000000e+00 0.000000000000000000e+00 0.000000000000000000e+00 1.451959371566772461e+00 -5.694665527343750000e+01 0.000000000000000000e+00 0.000000000000000000e+00 0.000000000000000000e+00 -4.697068786621093750e+01 0.000000000000000000e+00 0.000000000000000000e+00 0.000000000000000000e+00 -3.814697265625000000e-06 1.655061721801757812e+01
6.507537961006164551e-01 0.000000000000000000e+00 0.000000000000000000e+00 0.000000000000000000e+00 6.507537961006164551e-01 0.000000000000000000e+00 0.000000000000000000e+00 0.000000000000000000e+00 1.441756248474121094e+00 -5.541409301757812500e+01 0.000000000000000000e+00 0.000000000000000000e+00 0.000000000000000000e+00 -4.543724060058593750e+01 0.000000000000000000e+00 0.000000000000000000e+00 0.000000000000000000e+00 0.000000000000000000e+00 1.577891159057617188e+01
6.582914590835571289e-01 0.000000000000000000e+00 0.000000000000000000e+00 0.000000000000000000e+00 6.582914590835571289e-01 0.000000000000000000e+00 0.000000000000000000e+00 0.000000000000000000e+00 1.431534528732299805e+00 -5.390392303466796875e+01 0.000000000000000000e+00 0.000000000000000000e+00 0.000000000000000000e+00 -4.393730926513671875e+01 0.000000000000000000e+00 0.000000000000000000e+00 0.000000000000000000e+00 0.000000000000000000e+00 1.503010940551757812e+01
6.658291220664978027e-01 0.000000000000000000e+00 0.000000000000000000e+00 0.000000000000000000e+00 6.658291220664978027e-01 0.000000000000000000e+00 0.000000000000000000e+00 0.000000000000000000e+00 1.421299219131469727e+00 -5.241535949707031250e+01 0.000000000000000000e+00 0.000000000000000000e+00 0.000000000000000000e+00 -4.247006225585937500e+01 0.000000000000000000e+00 0.000000000000000000e+00 0.000000000000000000e+00 0.000000000000000000e+00 1.430378341674804688e+01
6.733668446540832520e-01 0.000000000000000000e+00 0.000000000000000000e+00 0.000000000000000000e+00 6.733668446540832520e-01 0.000000000000000000e+00 0.000000000000000000e+00 0.000000000000000000e+00 1.411055088043212891e+00 -5.094766616821289062e+01 0.000000000000000000e+00 0.000000000000000000e+00 0.000000000000000000e+00 -4.103470611572265625e+01 0.000000000000000000e+00 0.000000000000000000e+00 0.000000000000000000e+00 -3.814697265625000000e-06 1.359954071044921875e+01
6.809045076370239258e-01 0.000000000000000000e+00 0.000000000000000000e+00 0.000000000000000000e+00 6.809045076370239258e-01 0.000000000000000000e+00 0.000000000000000000e+00 0.000000000000000000e+00 1.400806784629821777e+00 -4.950016021728515625e+01 0.000000000000000000e+00 0.000000000000000000e+00 0.000000000000000000e+00 -3.963042449951171875e+01 0.000000000000000000e+00 0.000000000000000000e+00 0.000000000000000000e+00 0.000000000000000000e+00 1.291698455810546875e+01
6.884422302246093750e-01 0.000000000000000000e+00 0.000000000000000000e+00 0.000000000000000000e+00 6.884422302246093750e-01 0.000000000000000000e+00 0.000000000000000000e+00 0.000000000000000000e+00 1.390558838844299316e+00 -4.807216262817382812e+01 0.000000000000000000e+00 0.000000000000000000e+00 0.000000000000000000e+00 -3.825644683837890625e+01 0.000000000000000000e+00 0.000000000000000000e+00 0.000000000000000000e+00 7.629394531250000000e-06 1.225573348999023438e+01
6.959798932075500488e-01 0.000000000000000000e+00 0.000000000000000000e+00 0.000000000000000000e+00 6.959798932075500488e-01 0.000000000000000000e+00 0.000000000000000000e+00 0.000000000000000000e+00 1.380315184593200684e+00 -4.666304779052734375e+01 0.000000000000000000e+00 0.000000000000000000e+00 0.000000000000000000e+00 -3.691206359863281250e+01 0.000000000000000000e+00 0.000000000000000000e+00 0.000000000000000000e+00 -7.629394531250000000e-06 1.161542510986328125e+01
7.035176157951354980e-01 0.000000000000000000e+00 0.000000000000000000e+00 0.000000000000000000e+00 7.035176157951354980e-01 0.000000000000000000e+00 0.000000000000000000e+00 0.000000000000000000e+00 1.370079994201660156e+00 -4.527213287353515625e+01 0.000000000000000000e+00 0.000000000000000000e+00 0.000000000000000000e+00 -3.559642791748046875e+01 0.000000000000000000e+00 0.000000000000000000e+00 0.000000000000000000e+00 0.000000000000000000e+00 1.099568939208984375e+01
7.110552787780761719e-01 0.000000000000000000e+00 0.000000000000000000e+00 0.000000000000000000e+00 7.110552787780761719e-01 0.000000000000000000e+00 0.000000000000000000e+00 0.000000000000000000e+00 1.359857082366943359e+00 -4.389885711669921875e+01 0.000000000000000000e+00 0.000000000000000000e+00 0.000000000000000000e+00 -3.430885314941406250e+01 0.000000000000000000e+00 0.000000000000000000e+00 0.000000000000000000e+00 0.000000000000000000e+00 1.039619064331054688e+01
7.185929417610168457e-01 0.000000000000000000e+00 0.000000000000000000e+00 0.000000000000000000e+00 7.185929417610168457e-01 0.000000000000000000e+00 0.000000000000000000e+00 0.000000000000000000e+00 1.349650144577026367e+00 -4.254264068603515625e+01 0.000000000000000000e+00 0.000000000000000000e+00 0.000000000000000000e+00 -3.304863739013671875e+01 0.000000000000000000e+00 0.000000000000000000e+00 0.000000000000000000e+00 3.814697265625000000e-06 9.816574096679687500e+00
7.261306643486022949e-01 0.000000000000000000e+00 0.000000000000000000e+00 0.000000000000000000e+00 7.261306643486022949e-01 0.000000000000000000e+00 0.000000000000000000e+00 0.000000000000000000e+00 1.339462399482727051e+00 -4.120287322998046875e+01 0.000000000000000000e+00 0.000000000000000000e+00 0.000000000000000000e+00 -3.181503295898437500e+01 0.000000000000000000e+00 0.000000000000000000e+00 0.000000000000000000e+00 0.000000000000000000e+00 9.256511688232421875e+00
7.336683273315429688e-01 0.000000000000000000e+00 0.000000000000000000e+00 0.000000000000000000e+00 7.336683273315429688e-01 0.000000000000000000e+00 0.000000000000000000e+00 0.000000000000000000e+00 1.329297184944152832e+00 -3.987904357910156250e+01 0.000000000000000000e+00 0.000000000000000000e+00 0.000000000000000000e+00 -3.060736846923828125e+01 0.000000000000000000e+00 0.000000000000000000e+00 0.000000000000000000e+00 0.000000000000000000e+00 8.715694427490234375e+00
7.412060499191284180e-01 0.000000000000000000e+00 0.000000000000000000e+00 0.000000000000000000e+00 7.412060499191284180e-01 0.000000000000000000e+00 0.000000000000000000e+00 0.000000000000000000e+00 1.319157719612121582e+00 -3.857062530517578125e+01 0.000000000000000000e+00 0.000000000000000000e+00 0.000000000000000000e+00 -2.942493438720703125e+01 0.000000000000000000e+00 0.000000000000000000e+00 0.000000000000000000e+00 3.814697265625000000e-06 8.193798065185546875e+00
7.487437129020690918e-01 0.000000000000000000e+00 0.000000000000000000e+00 0.000000000000000000e+00 7.487437129020690918e-01 0.000000000000000000e+00 0.000000000000000000e+00 0.000000000000000000e+00 1.309046745300292969e+00 -3.727708435058593750e+01 0.000000000000000000e+00 0.000000000000000000e+00 0.000000000000000000e+00 -2.826706695556640625e+01 0.000000000000000000e+00 0.000000000000000000e+00 0.000000000000000000e+00 0.000000000000000000e+00 7.690532684326171875e+00
7.562814354896545410e-01 0.000000000000000000e+00 0.000000000000000000e+00 0.000000000000000000e+00 7.562814354896545410e-01 0.000000000000000000e+00 0.000000000000000000e+00 0.000000000000000000e+00 1.298967123031616211e+00 -3.599794769287109375e+01 0.000000000000000000e+00 0.000000000000000000e+00 0.000000000000000000e+00 -2.713312721252441406e+01 0.000000000000000000e+00 0.000000000000000000e+00 0.000000000000000000e+00 -3.814697265625000000e-06 7.205604553222656250e+00
7.638190984725952148e-01 0.000000000000000000e+00 0.000000000000000000e+00 0.000000000000000000e+00 7.638190984725952148e-01 0.000000000000000000e+00 0.000000000000000000e+00 0.000000000000000000e+00 1.288921475410461426e+00 -3.473272705078125000e+01 0.000000000000000000e+00 0.000000000000000000e+00 0.000000000000000000e+00 -2.602245330810546875e+01 0.000000000000000000e+00 0.000000000000000000e+00 0.000000000000000000e+00 7.629394531250000000e-06 6.738716125488281250e+00
7.713567614555358887e-01 0.000000000000000000e+00 0.000000000000000000e+00 0.000000000000000000e+00 7.713567614555358887e-01 0.000000000000000000e+00 0.000000000000000000e+00 0.000000000000000000e+00 1.278912067413330078e+00 -3.348096466064453125e+01 0.000000000000000000e+00 0.000000000000000000e+00 0.000000000000000000e+00 -2.493443107604980469e+01 0.000000000000000000e+00 0.000000000000000000e+00 0.000000000000000000e+00 0.000000000000000000e+00 6.289604187011718750e+00
7.788944840431213379e-01 0.000000000000000000e+00 0.000000000000000000e+00 0.000000000000000000e+00 7.788944840431213379e-01 0.000000000000000000e+00 0.000000000000000000e+00 0.000000000000000000e+00 1.268941283226013184e+00 -3.224218750000000000e+01 0.000000000000000000e+00 0.000000000000000000e+00 0.000000000000000000e+00 -2.386841583251953125e+01 0.000000000000000000e+00 0.000000000000000000e+00 0.000000000000000000e+00 3.814697265625000000e-06 5.857994079589843750e+00
7.864321470260620117e-01 0.000000000000000000e+00 0.000000000000000000e+00 0.000000000000000000e+00 7.864321470260620117e-01 0.000000000000000000e+00 0.000000000000000000e+00 0.000000000000000000e+00 1.259011268615722656e+00 -3.101600646972656250e+01 0.000000000000000000e+00 0.000000000000000000e+00 0.000000000000000000e+00 -2.282385826110839844e+01 0.000000000000000000e+00 0.000000000000000000e+00 0.000000000000000000e+00 -1.144409179687500000e-05 5.443622589111328125e+00
7.939698696136474609e-01 0.000000000000000000e+00 0.000000000000000000e+00 0.000000000000000000e+00 7.939698696136474609e-01 0.000000000000000000e+00 0.000000000000000000e+00 0.000000000000000000e+00 1.249124050140380859e+00 -2.980192565917968750e+01 0.000000000000000000e+00 0.000000000000000000e+00 0.000000000000000000e+00 -2.180009269714355469e+01 0.000000000000000000e+00 0.000000000000000000e+00 0.000000000000000000e+00 -7.629394531250000000e-06 5.046249389648437500e+00
8.015075325965881348e-01 0.000000000000000000e+00 0.000000000000000000e+00 0.000000000000000000e+00 8.015075325965881348e-01 0.000000000000000000e+00 0.000000000000000000e+00 0.000000000000000000e+00 1.239281415939331055e+00 -2.859959411621093750e+01 0.000000000000000000e+00 0.000000000000000000e+00 0.000000000000000000e+00 -2.079659271240234375e+01 0.000000000000000000e+00 0.000000000000000000e+00 0.000000000000000000e+00 -7.629394531250000000e-06 4.665630340576171875e+00
8.090452551841735840e-01 0.000000000000000000e+00 0.000000000000000000e+00 0.000000000000000000e+00 8.090452551841735840e-01 0.000000000000000000e+00 0.000000000000000000e+00 0.000000000000000000e+00 1.229485273361206055e+00 -2.740856361389160156e+01 0.000000000000000000e+00 0.000000000000000000e+00 0.000000000000000000e+00 -1.981275367736816406e+01 0.000000000000000000e+00 0.000000000000000000e+00 0.000000000000000000e+00 1.144409179687500000e-05 4.301517486572265625e+00
8.165829181671142578e-01 0.000000000000000000e+00 0.000000000000000000e+00 0.000000000000000000e+00 8.165829181671142578e-01 0.000000000000000000e+00 0.000000000000000000e+00 0.000000000000000000e+00 1.219737052917480469e+00 -2.622851562500000000e+01 0.000000000000000000e+00 0.000000000000000000e+00 0.000000000000000000e+00 -1.884809112548828125e+01 0.000000000000000000e+00 0.000000000000000000e+00 0.000000000000000000e+00 -3.814697265625000000e-06 3.953674316406250000e+00
8.241205811500549316e-01 0.000000000000000000e+00 0.000000000000000000e+00 0.000000000000000000e+00 8.241205811500549316e-01 0.000000000000000000e+00 0.000000000000000000e+00 0.000000000000000000e+00 1.210038423538208008e+00 -2.505900382995605469e+01 0.000000000000000000e+00 0.000000000000000000e+00 0.000000000000000000e+00 -1.790200996398925781e+01 0.000000000000000000e+00 0.000000000000000000e+00 0.000000000000000000e+00 3.814697265625000000e-06 3.621891021728515625e+00
8.316583037376403809e-01 0.000000000000000000e+00 0.000000000000000000e+00 0.000000000000000000e+00 8.316583037376403809e-01 0.000000000000000000e+00 0.000000000000000000e+00 0.000000000000000000e+00 1.200390577316284180e+00 -2.389968681335449219e+01 0.000000000000000000e+00 0.000000000000000000e+00 0.000000000000000000e+00 -1.697400093078613281e+01 0.000000000000000000e+00 0.000000000000000000e+00 0.000000000000000000e+00 -7.629394531250000000e-06 3.305950164794921875e+00
8.391959667205810547e-01 0.000000000000000000e+00 0.000000000000000000e+00 0.000000000000000000e+00 8.391959667205810547e-01 0.000000000000000000e+00 0.000000000000000000e+00 0.000000000000000000e+00 1.190795063972473145e+00 -2.275020599365234375e+01 0.000000000000000000e+00 0.000000000000000000e+00 0.000000000000000000e+00 -1.606355857849121094e+01 0.000000000000000000e+00 0.000000000000000000e+00 0.000000000000000000e+00 -3.814697265625000000e-06 3.005638122558593750e+00
8.467336893081665039e-01 0.000000000000000000e+00 0.000000000000000000e+00 0.000000000000000000e+00 8.467336893081665039e-01 0.000000000000000000e+00 0.000000000000000000e+00 0.000000000000000000e+00 1.181252956390380859e+00 -2.161021232604980469e+01 0.000000000000000000e+00 0.000000000000000000e+00 0.000000000000000000e+00 -1.517015266418457031e+01 0.000000000000000000e+00 0.000000000000000000e+00 0.000000000000000000e+00 0.000000000000000000e+00 2.720748901367187500e+00
8.542713522911071777e-01 0.000000000000000000e+00 0.000000000000000000e+00 0.000000000000000000e+00 8.542713522911071777e-01 0.000000000000000000e+00 0.000000000000000000e+00 0.000000000000000000e+00 1.171765327453613281e+00 -2.047937583923339844e+01 0.000000000000000000e+00 0.000000000000000000e+00 0.000000000000000000e+00 -1.429332733154296875e+01 0.000000000000000000e+00 0.000000000000000000e+00 0.000000000000000000e+00 -3.814697265625000000e-06 2.451091766357421875e+00
8.618090748786926270e-01 0.000000000000000000e+00 0.000000000000000000e+00 0.000000000000000000e+00 8.618090748786926270e-01 0.000000000000000000e+00 0.000000000000000000e+00 0.000000000000000000e+00 1.162333250045776367e+00 -1.935733985900878906e+01 0.000000000000000000e+00 0.000000000000000000e+00 0.000000000000000000e+00 -1.343257713317871094e+01 0.000000000000000000e+00 0.000000000000000000e+00 0.000000000000000000e+00 3.814697265625000000e-06 2.196475982666015625e+00
8.693467378616333008e-01 0.000000000000000000e+00 0.000000000000000000e+00 0.000000000000000000e+00 8.693467378616333008e-01 0.000000000000000000e+00 0.000000000000000000e+00 0.000000000000000000e+00 1.152957677841186523e+00 -1.824381828308105469e+01 0.000000000000000000e+00 0.000000000000000000e+00 0.000000000000000000e+00 -1.258745002746582031e+01 0.000000000000000000e+00 0.000000000000000000e+00 0.000000000000000000e+00 7.629394531250000000e-06 1.956714630126953125e+00
8.768844008445739746e-01 0.000000000000000000e+00 0.000000000000000000e+00 0.000000000000000000e+00 8.768844008445739746e-01 0.000000000000000000e+00 0.000000000000000000e+00 0.000000000000000000e+00 1.143639326095581055e+00 -1.713848114013671875e+01 0.000000000000000000e+00 0.000000000000000000e+00 0.000000000000000000e+00 -1.175750732421875000e+01 0.000000000000000000e+00 0.000000000000000000e+00 0.000000000000000000e+00 0.000000000000000000e+00 1.731628417968750000e+00
8.844221234321594238e-01 0.000000000000000000e+00 0.000000000000000000e+00 0.000000000000000000e+00 8.844221234321594238e-01 0.000000000000000000e+00 0.000000000000000000e+00 0.000000000000000000e+00 1.134379029273986816e+00 -1.604100227355957031e+01 0.000000000000000000e+00 0.000000000000000000e+00 0.000000000000000000e+00 -1.094226264953613281e+01 0.000000000000000000e+00 0.000000000000000000e+00 0.000000000000000000e+00 0.000000000000000000e+00 1.521038055419921875e+00
8.919597864151000977e-01 0.000000000000000000e+00 0.000000000000000000e+00 0.000000000000000000e+00 8.919597864151000977e-01 0.000000000000000000e+00 0.000000000000000000e+00 0.000000000000000000e+00 1.125177383422851562e+00 -1.495112991333007812e+01 0.000000000000000000e+00 0.000000000000000000e+00 0.000000000000000000e+00 -1.014135169982910156e+01 0.000000000000000000e+00 0.000000000000000000e+00 0.000000000000000000e+00 -1.525878906250000000e-05 1.324783325195312500e+00
8.994975090026855469e-01 0.000000000000000000e+00 0.000000000000000000e+00 0.000000000000000000e+00 8.994975090026855469e-01 0.000000000000000000e+00 0.000000000000000000e+00 0.000000000000000000e+00 1.116035223007202148e+00 -1.386851501464843750e+01 0.000000000000000000e+00 0.000000000000000000e+00 0.000000000000000000e+00 -9.354257583618164062e+00 0.000000000000000000e+00 0.000000000000000000e+00 0.000000000000000000e+00 3.814697265625000000e-06 1.142707824707031250e+00
9.070351719856262207e-01 0.000000000000000000e+00 0.000000000000000000e+00 0.000000000000000000e+00 9.070351719856262207e-01 0.000000000000000000e+00 0.000000000000000000e+00 0.000000000000000000e+00 1.106952905654907227e+00 -1.279291534423828125e+01 0.000000000000000000e+00 0.000000000000000000e+00 0.000000000000000000e+00 -8.580665588378906250e+00 0.000000000000000000e+00 0.000000000000000000e+00 0.000000000000000000e+00 -1.144409179687500000e-05 9.746437072753906250e-01
9.145728349685668945e-01 0.000000000000000000e+00 0.000000000000000000e+00 0.000000000000000000e+00 9.145728349685668945e-01 0.000000000000000000e+00 0.000000000000000000e+00 0.000000000000000000e+00 1.097931146621704102e+00 -1.172404289245605469e+01 0.000000000000000000e+00 0.000000000000000000e+00 0.000000000000000000e+00 -7.820116043090820312e+00 0.000000000000000000e+00 0.000000000000000000e+00 0.000000000000000000e+00 0.000000000000000000e+00 8.204421997070312500e-01
9.221105575561523438e-01 0.000000000000000000e+00 0.000000000000000000e+00 0.000000000000000000e+00 9.221105575561523438e-01 0.000000000000000000e+00 0.000000000000000000e+00 0.000000000000000000e+00 1.088970065116882324e+00 -1.066161537170410156e+01 0.000000000000000000e+00 0.000000000000000000e+00 0.000000000000000000e+00 -7.072244644165039062e+00 0.000000000000000000e+00 0.000000000000000000e+00 0.000000000000000000e+00 -7.629394531250000000e-06 6.799545288085937500e-01
9.296482205390930176e-01 0.000000000000000000e+00 0.000000000000000000e+00 0.000000000000000000e+00 9.296482205390930176e-01 0.000000000000000000e+00 0.000000000000000000e+00 0.000000000000000000e+00 1.080070257186889648e+00 -9.605379104614257812e+00 0.000000000000000000e+00 0.000000000000000000e+00 0.000000000000000000e+00 -6.336669921875000000e+00 0.000000000000000000e+00 0.000000000000000000e+00 0.000000000000000000e+00 -7.629394531250000000e-06 5.530548095703125000e-01
9.371859431266784668e-01 0.000000000000000000e+00 0.000000000000000000e+00 0.000000000000000000e+00 9.371859431266784668e-01 0.000000000000000000e+00 0.000000000000000000e+00 0.000000000000000000e+00 1.071231961250305176e+00 -8.555057525634765625e+00 0.000000000000000000e+00 0.000000000000000000e+00 0.000000000000000000e+00 -5.612995147705078125e+00 0.000000000000000000e+00 0.000000000000000000e+00 0.000000000000000000e+00 -3.814697265625000000e-06 4.395790100097656250e-01
9.447236061096191406e-01 0.000000000000000000e+00 0.000000000000000000e+00 0.000000000000000000e+00 9.447236061096191406e-01 0.000000000000000000e+00 0.000000000000000000e+00 0.000000000000000000e+00 1.062455534934997559e+00 -7.510423660278320312e+00 0.000000000000000000e+00 0.000000000000000000e+00 0.000000000000000000e+00 -4.900905609130859375e+00 0.000000000000000000e+00 0.000000000000000000e+00 0.000000000000000000e+00 -3.814697265625000000e-06 3.394126892089843750e-01
9.522613286972045898e-01 0.000000000000000000e+00 0.000000000000000000e+00 0.000000000000000000e+00 9.522613286972045898e-01 0.000000000000000000e+00 0.000000000000000000e+00 0.000000000000000000e+00 1.053741216659545898e+00 -6.471193313598632812e+00 0.000000000000000000e+00 0.000000000000000000e+00 0.000000000000000000e+00 -4.200000762939453125e+00 0.000000000000000000e+00 0.000000000000000000e+00 0.000000000000000000e+00 7.629394531250000000e-06 2.524337768554687500e-01
9.597989916801452637e-01 0.000000000000000000e+00 0.000000000000000000e+00 0.000000000000000000e+00 9.597989916801452637e-01 0.000000000000000000e+00 0.000000000000000000e+00 0.000000000000000000e+00 1.045089125633239746e+00 -5.437149047851562500e+00 0.000000000000000000e+00 0.000000000000000000e+00 0.000000000000000000e+00 -3.509983062744140625e+00 0.000000000000000000e+00 0.000000000000000000e+00 0.000000000000000000e+00 1.144409179687500000e-05 1.785087585449218750e-01
9.673366546630859375e-01 0.000000000000000000e+00 0.000000000000000000e+00 0.000000000000000000e+00 9.673366546630859375e-01 0.000000000000000000e+00 0.000000000000000000e+00 0.000000000000000000e+00 1.036499381065368652e+00 -4.408054351806640625e+00 0.000000000000000000e+00 0.000000000000000000e+00 0.000000000000000000e+00 -2.830493927001953125e+00 0.000000000000000000e+00 0.000000000000000000e+00 0.000000000000000000e+00 0.000000000000000000e+00 1.175117492675781250e-01
9.748743772506713867e-01 0.000000000000000000e+00 0.000000000000000000e+00 0.000000000000000000e+00 9.748743772506713867e-01 0.000000000000000000e+00 0.000000000000000000e+00 0.000000000000000000e+00 1.027972102165222168e+00 -3.383647918701171875e+00 0.000000000000000000e+00 0.000000000000000000e+00 0.000000000000000000e+00 -2.161216735839843750e+00 0.000000000000000000e+00 0.000000000000000000e+00 0.000000000000000000e+00 -3.814697265625000000e-06 6.934356689453125000e-02
9.824120402336120605e-01 0.000000000000000000e+00 0.000000000000000000e+00 0.000000000000000000e+00 9.824120402336120605e-01 0.000000000000000000e+00 0.000000000000000000e+00 0.000000000000000000e+00 1.019507408142089844e+00 -2.363727569580078125e+00 0.000000000000000000e+00 0.000000000000000000e+00 0.000000000000000000e+00 -1.501842498779296875e+00 0.000000000000000000e+00 0.000000000000000000e+00 0.000000000000000000e+00 -1.144409179687500000e-05 3.388595581054687500e-02
9.899497628211975098e-01 0.000000000000000000e+00 0.000000000000000000e+00 0.000000000000000000e+00 9.899497628211975098e-01 0.000000000000000000e+00 0.000000000000000000e+00 0.000000000000000000e+00 1.011105418205261230e+00 -1.348018646240234375e+00 0.000000000000000000e+00 0.000000000000000000e+00 0.000000000000000000e+00 -8.520050048828125000e-01 0.000000000000000000e+00 0.000000000000000000e+00 0.000000000000000000e+00 1.525878906250000000e-05 1.104354858398437500e-02
9.974874258041381836e-01 0.000000000000000000e+00 0.000000000000000000e+00 0.000000000000000000e+00 9.974874258041381836e-01 0.000000000000000000e+00 0.000000000000000000e+00 0.000000000000000000e+00 1.002765893936157227e+00 -3.363685607910156250e-01 0.000000000000000000e+00 0.000000000000000000e+00 0.000000000000000000e+00 -2.115058898925781250e-01 0.000000000000000000e+00 0.000000000000000000e+00 0.000000000000000000e+00 -3.814697265625000000e-06 6.866455078125000000e-04
1.005025148391723633e+00 0.000000000000000000e+00 0.000000000000000000e+00 0.000000000000000000e+00 1.005025148391723633e+00 0.000000000000000000e+00 0.000000000000000000e+00 0.000000000000000000e+00 9.944890141487121582e-01 6.714897155761718750e-01 0.000000000000000000e+00 0.000000000000000000e+00 0.000000000000000000e+00 4.200325012207031250e-01 0.000000000000000000e+00 0.000000000000000000e+00 0.000000000000000000e+00 -1.144409179687500000e-05 2.742767333984375000e-03
1.012562870979309082e+00 0.000000000000000000e+00 0.000000000000000000e+00 0.000000000000000000e+00 1.012562870979309082e+00 0.000000000000000000e+00 0.000000000000000000e+00 0.000000000000000000e+00 9.862747192382812500e-01 1.675777435302734375e+00 0.000000000000000000e+00 0.000000000000000000e+00 0.000000000000000000e+00 1.042888641357421875e+00 0.000000000000000000e+00 0.000000000000000000e+00 0.000000000000000000e+00 1.907348632812500000e-05 1.711273193359375000e-02
1.020100474357604980e+00 0.000000000000000000e+00 0.000000000000000000e+00 0.000000000000000000e+00 1.020100474357604980e+00 0.000000000000000000e+00 0.000000000000000000e+00 0.000000000000000000e+00 9.781228303909301758e-01 2.676643371582031250e+00 0.000000000000000000e+00 0.000000000000000000e+00 0.000000000000000000e+00 1.657260894775390625e+00 0.000000000000000000e+00 0.000000000000000000e+00 0.000000000000000000e+00 -1.144409179687500000e-05 4.370117187500000000e-02
1.027638196945190430e+00 0.000000000000000000e+00 0.000000000000000000e+00 0.000000000000000000e+00 1.027638196945190430e+00 0.000000000000000000e+00 0.000000000000000000e+00 0.000000000000000000e+00 9.700333476066589355e-01 3.674365997314453125e+00 0.000000000000000000e+00 0.000000000000000000e+00 0.000000000000000000e+00 2.263519287109375000e+00 0.000000000000000000e+00 0.000000000000000000e+00 0.000000000000000000e+00 7.629394531250000000e-06 8.242034912109375000e-02
1.035175919532775879e+00 0.000000000000000000e+00 0.000000000000000000e+00 0.000000000000000000e+00 1.035175919532775879e+00 0.000000000000000000e+00 0.000000000000000000e+00 0.000000000000000000e+00 9.620060920715332031e-01 4.669124603271484375e+00 0.000000000000000000e+00 0.000000000000000000e+00 0.000000000000000000e+00 2.861896514892578125e+00 0.000000000000000000e+00 0.000000000000000000e+00 0.000000000000000000e+00 1.144409179687500000e-05 1.331977844238281250e-01
1.042713522911071777e+00 0.000000000000000000e+00 0.000000000000000000e+00 0.000000000000000000e+00 1.042713522911071777e+00 0.000000000000000000e+00 0.000000000000000000e+00 0.000000000000000000e+00 9.540408849716186523e-01 5.661098480224609375e+00 0.000000000000000000e+00 0.000000000000000000e+00 0.000000000000000000e+00 3.452610015869140625e+00 0.000000000000000000e+00 0.000000000000000000e+00 0.000000000000000000e+00 0.000000000000000000e+00 1.959304809570312500e-01
1.050251245498657227e+00 0.000000000000000000e+00 0.000000000000000000e+00 0.000000000000000000e+00 1.050251245498657227e+00 0.000000000000000000e+00 0.000000000000000000e+00 0.000000000000000000e+00 9.461376070976257324e-01 6.650516510009765625e+00 0.000000000000000000e+00 0.000000000000000000e+00 0.000000000000000000e+00 4.035964965820312500e+00 0.000000000000000000e+00 0.000000000000000000e+00 0.000000000000000000e+00 0.000000000000000000e+00 2.705574035644531250e-01
1.057788968086242676e+00 0.000000000000000000e+00 0.000000000000000000e+00 0.000000000000000000e+00 1.057788968086242676e+00 0.000000000000000000e+00 0.000000000000000000e+00 0.000000000000000000e+00 9.382961392402648926e-01 7.637569427490234375e+00 0.000000000000000000e+00 0.000000000000000000e+00 0.000000000000000000e+00 4.612190246582031250e+00 0.000000000000000000e+00 0.000000000000000000e+00 0.000000000000000000e+00 7.629394531250000000e-06 3.570022583007812500e-01
1.065326690673828125e+00 0.000000000000000000e+00 0.000000000000000000e+00 0.000000000000000000e+00 1.065326690673828125e+00 0.000000000000000000e+00 0.000000000000000000e+00 0.000000000000000000e+00 9.305161833763122559e-01 8.622459411621093750e+00 0.000000000000000000e+00 0.000000000000000000e+00 0.000000000000000000e+00 5.181537628173828125e+00 0.000000000000000000e+00 0.000000000000000000e+00 0.000000000000000000e+00 1.907348632812500000e-05 4.552001953125000000e-01
1.072864294052124023e+00 0.000000000000000000e+00 0.000000000000000000e+00 0.000000000000000000e+00 1.072864294052124023e+00 0.000000000000000000e+00 0.000000000000000000e+00 0.000000000000000000e+00 9.227975010871887207e-01 9.605316162109375000e+00 0.000000000000000000e+00 0.000000000000000000e+00 0.000000000000000000e+00 5.744194030761718750e+00 0.000000000000000000e+00 0.000000000000000000e+00 0.000000000000000000e+00 -3.814697265625000000e-06 5.650863647460937500e-01
1.080402016639709473e+00 0.000000000000000000e+00 0.000000000000000000e+00 0.000000000000000000e+00 1.080402016639709473e+00 0.000000000000000000e+00 0.000000000000000000e+00 0.000000000000000000e+00 9.151399731636047363e-01 1.058641052246093750e+01 0.000000000000000000e+00 0.000000000000000000e+00 0.000000000000000000e+00 6.300441741943359375e+00 0.000000000000000000e+00 0.000000000000000000e+00 0.000000000000000000e+00 7.629394531250000000e-06 6.865844726562500000e-01
1.087939739227294922e+00 0.000000000000000000e+00 0.000000000000000000e+00 0.000000000000000000e+00 1.087939739227294922e+00 0.000000000000000000e+00 0.000000000000000000e+00 0.000000000000000000e+00 9.075433015823364258e-01 1.156589126586914062e+01 0.000000000000000000e+00 0.000000000000000000e+00 0.000000000000000000e+00 6.850486755371093750e+00 0.000000000000000000e+00 0.000000000000000000e+00 0.000000000000000000e+00 -1.144409179687500000e-05 8.196411132812500000e-01
1.095477342605590820e+00 0.000000000000000000e+00 0.000000000000000000e+00 0.000000000000000000e+00 1.095477342605590820e+00 0.000000000000000000e+00 0.000000000000000000e+00 0.000000000000000000e+00 9.000072479248046875e-01 1.254393768310546875e+01 0.000000000000000000e+00 0.000000000000000000e+00 0.000000000000000000e+00 7.394546508789062500e+00 0.000000000000000000e+00 0.000000000000000000e+00 0.000000000000000000e+00 -3.814697265625000000e-06 9.641914367675781250e-01
1.103015065193176270e+00 0.000000000000000000e+00 0.000000000000000000e+00 0.000000000000000000e+00 1.103015065193176270e+00 0.000000000000000000e+00 0.000000000000000000e+00 0.000000000000000000e+00 8.925315737724304199e-01 1.352074432373046875e+01 0.000000000000000000e+00 0.000000000000000000e+00 0.000000000000000000e+00 7.932830810546875000e+00 0.000000000000000000e+00 0.000000000000000000e+00 0.000000000000000000e+00 1.144409179687500000e-05 1.120204925537109375e+00
1.110552787780761719e+00 0.000000000000000000e+00 0.000000000000000000e+00 0.000000000000000000e+00 1.110552787780761719e+00 0.000000000000000000e+00 0.000000000000000000e+00 0.000000000000000000e+00 8.851159214973449707e-01 1.449648284912109375e+01 0.000000000000000000e+00 0.000000000000000000e+00 0.000000000000000000e+00 8.465560913085937500e+00 0.000000000000000000e+00 0.000000000000000000e+00 0.000000000000000000e+00 3.814697265625000000e-06 1.287605285644531250e+00
1.118090510368347168e+00 0.000000000000000000e+00 0.000000000000000000e+00 0.000000000000000000e+00 1.118090510368347168e+00 0.000000000000000000e+00 0.000000000000000000e+00 0.000000000000000000e+00 8.777600526809692383e-01 1.547135543823242188e+01 0.000000000000000000e+00 0.000000000000000000e+00 0.000000000000000000e+00 8.992946624755859375e+00 0.000000000000000000e+00 0.000000000000000000e+00 0.000000000000000000e+00 1.907348632812500000e-05 1.466346740722656250e+00
1.125628113746643066e+00 0.000000000000000000e+00 0.000000000000000000e+00 0.000000000000000000e+00 1.125628113746643066e+00 0.000000000000000000e+00 0.000000000000000000e+00 0.000000000000000000e+00 8.704636693000793457e-01 1.644547653198242188e+01 0.000000000000000000e+00 0.000000000000000000e+00 0.000000000000000000e+00 9.515151977539062500e+00 0.000000000000000000e+00 0.000000000000000000e+00 0.000000000000000000e+00 7.629394531250000000e-06 1.656394958496093750e+00
1.133165836334228516e+00 0.000000000000000000e+00 0.000000000000000000e+00 0.000000000000000000e+00 1.133165836334228516e+00 0.000000000000000000e+00 0.000000000000000000e+00 0.000000000000000000e+00 8.632264733314514160e-01 1.741909790039062500e+01 0.000000000000000000e+00 0.000000000000000000e+00 0.000000000000000000e+00 1.003240585327148438e+01 0.000000000000000000e+00 0.000000000000000000e+00 0.000000000000000000e+00 0.000000000000000000e+00 1.857696533203125000e+00
1.140703558921813965e+00 0.000000000000000000e+00 0.000000000000000000e+00 0.000000000000000000e+00 1.140703558921813965e+00 0.000000000000000000e+00 0.000000000000000000e+00 0.000000000000000000e+00 8.560481071472167969e-01 1.839233779907226562e+01 0.000000000000000000e+00 0.000000000000000000e+00 0.000000000000000000e+00 1.054489898681640625e+01 0.000000000000000000e+00 0.000000000000000000e+00 0.000000000000000000e+00 0.000000000000000000e+00 2.070224761962890625e+00
1.148241162300109863e+00 0.000000000000000000e+00 0.000000000000000000e+00 0.000000000000000000e+00 1.148241162300109863e+00 0.000000000000000000e+00 0.000000000000000000e+00 0.000000000000000000e+00 8.489283919334411621e-01 1.936538696289062500e+01 0.000000000000000000e+00 0.000000000000000000e+00 0.000000000000000000e+00 1.105280685424804688e+01 0.000000000000000000e+00 0.000000000000000000e+00 0.000000000000000000e+00 0.000000000000000000e+00 2.293918609619140625e+00
1.155778884887695312e+00 0.000000000000000000e+00 0.000000000000000000e+00 0.000000000000000000e+00 1.155778884887695312e+00 0.000000000000000000e+00 0.000000000000000000e+00 0.000000000000000000e+00 8.418668508529663086e-01 2.033843612670898438e+01 0.000000000000000000e+00 0.000000000000000000e+00 0.000000000000000000e+00 1.155632019042968750e+01 0.000000000000000000e+00 0.000000000000000000e+00 0.000000000000000000e+00 0.000000000000000000e+00 2.528778076171875000e+00
1.163316607475280762e+00 0.000000000000000000e+00 0.000000000000000000e+00 0.000000000000000000e+00 1.163316607475280762e+00 0.000000000000000000e+00 0.000000000000000000e+00 0.000000000000000000e+00 8.348632454872131348e-01 2.131163787841796875e+01 0.000000000000000000e+00 0.000000000000000000e+00 0.000000000000000000e+00 1.205562210083007812e+01 0.000000000000000000e+00 0.000000000000000000e+00 0.000000000000000000e+00 0.000000000000000000e+00 2.774749755859375000e+00
1.170854330062866211e+00 0.000000000000000000e+00 0.000000000000000000e+00 0.000000000000000000e+00 1.170854330062866211e+00 0.000000000000000000e+00 0.000000000000000000e+00 0.000000000000000000e+00 8.279172182083129883e-01 2.228516387939453125e+01 0.000000000000000000e+00 0.000000000000000000e+00 0.000000000000000000e+00 1.255089187622070312e+01 0.000000000000000000e+00 0.000000000000000000e+00 0.000000000000000000e+00 7.629394531250000000e-06 3.031795501708984375e+00
1.178391933441162109e+00 0.000000000000000000e+00 0.000000000000000000e+00 0.000000000000000000e+00 1.178391933441162109e+00 0.000000000000000000e+00 0.000000000000000000e+00 0.000000000000000000e+00 8.210284113883972168e-01 2.325914764404296875e+01 0.000000000000000000e+00 0.000000000000000000e+00 0.000000000000000000e+00 1.304229354858398438e+01 0.000000000000000000e+00 0.000000000000000000e+00 0.000000000000000000e+00 -7.629394531250000000e-06 3.299892425537109375e+00
1.185929656028747559e+00 0.000000000000000000e+00 0.000000000000000000e+00 0.000000000000000000e+00 1.185929656028747559e+00 0.000000000000000000e+00 0.000000000000000000e+00 0.000000000000000000e+00 8.141965866088867188e-01 2.423381805419921875e+01 0.000000000000000000e+00 0.000000000000000000e+00 0.000000000000000000e+00 1.353001022338867188e+01 0.000000000000000000e+00 0.000000000000000000e+00 0.000000000000000000e+00 7.629394531250000000e-06 3.579048156738281250e+00
1.193467378616333008e+00 0.000000000000000000e+00 0.000000000000000000e+00 0.000000000000000000e+00 1.193467378616333008e+00 0.000000000000000000e+00 0.000000000000000000e+00 0.000000000000000000e+00 8.074212670326232910e-01 2.520931243896484375e+01 0.000000000000000000e+00 0.000000000000000000e+00 0.000000000000000000e+00 1.401420974731445312e+01 0.000000000000000000e+00 0.000000000000000000e+00 0.000000000000000000e+00 0.000000000000000000e+00 3.869194030761718750e+00
1.201004981994628906e+00 0.000000000000000000e+00 0.000000000000000000e+00 0.000000000000000000e+00 1.201004981994628906e+00 0.000000000000000000e+00 0.000000000000000000e+00 0.000000000000000000e+00 8.007022142410278320e-01 2.618576812744140625e+01 0.000000000000000000e+00 0.000000000000000000e+00 0.000000000000000000e+00 1.449504470825195312e+01 0.000000000000000000e+00 0.000000000000000000e+00 0.000000000000000000e+00 -7.629394531250000000e-06 4.170345306396484375e+00
1.208542704582214355e+00 0.000000000000000000e+00 0.000000000000000000e+00 0.000000000000000000e+00 1.208542704582214355e+00 0.000000000000000000e+00 0.000000000000000000e+00 0.000000000000000000e+00 7.940390110015869141e-01 2.716339874267578125e+01 0.000000000000000000e+00 0.000000000000000000e+00 0.000000000000000000e+00 1.497270202636718750e+01 0.000000000000000000e+00 0.000000000000000000e+00 0.000000000000000000e+00 7.629394531250000000e-06 4.482467651367187500e+00
1.216080427169799805e+00 0.000000000000000000e+00 0.000000000000000000e+00 0.000000000000000000e+00 1.216080427169799805e+00 0.000000000000000000e+00 0.000000000000000000e+00 0.000000000000000000e+00 7.874312996864318848e-01 2.814234924316406250e+01 0.000000000000000000e+00 0.000000000000000000e+00 0.000000000000000000e+00 1.544732666015625000e+01 0.000000000000000000e+00 0.000000000000000000e+00 0.000000000000000000e+00 -7.629394531250000000e-06 4.805557250976562500e+00
1.223618149757385254e+00 0.000000000000000000e+00 0.000000000000000000e+00 0.000000000000000000e+00 1.223618149757385254e+00 0.000000000000000000e+00 0.000000000000000000e+00 0.000000000000000000e+00 7.808787822723388672e-01 2.912277603149414062e+01 0.000000000000000000e+00 0.000000000000000000e+00 0.000000000000000000e+00 1.591908264160156250e+01 0.000000000000000000e+00 0.000000000000000000e+00 0.000000000000000000e+00 7.629394531250000000e-06 5.139595031738281250e+00
1.231155753135681152e+00 0.000000000000000000e+00 0.000000000000000000e+00 0.000000000000000000e+00 1.231155753135681152e+00 0.000000000000000000e+00 0.000000000000000000e+00 0.000000000000000000e+00 7.743811011314392090e-01 3.010482406616210938e+01 0.000000000000000000e+00 0.000000000000000000e+00 0.000000000000000000e+00 1.638810348510742188e+01 0.000000000000000000e+00 0.000000000000000000e+00 0.000000000000000000e+00 0.000000000000000000e+00 5.484577178955078125e+00
1.238693475723266602e+00 0.000000000000000000e+00 0.000000000000000000e+00 0.000000000000000000e+00 1.238693475723266602e+00 0.000000000000000000e+00 0.000000000000000000e+00 0.000000000000000000e+00 7.679378390312194824e-01 3.108869552612304688e+01 0.000000000000000000e+00 0.000000000000000000e+00 0.000000000000000000e+00 1.685456466674804688e+01 0.000000000000000000e+00 0.000000000000000000e+00 0.000000000000000000e+00 -7.629394531250000000e-06 5.840496063232421875e+00
1.246231198310852051e+00 0.000000000000000000e+00 0.000000000000000000e+00 0.000000000000000000e+00 1.246231198310852051e+00 0.000000000000000000e+00 0.000000000000000000e+00 0.000000000000000000e+00 7.615486979484558105e-01 3.207453536987304688e+01 0.000000000000000000e+00 0.000000000000000000e+00 0.000000000000000000e+00 1.731863021850585938e+01 0.000000000000000000e+00 0.000000000000000000e+00 0.000000000000000000e+00 7.629394531250000000e-06 6.207347869873046875e+00
1.253768801689147949e+00 0.000000000000000000e+00 0.000000000000000000e+00 0.000000000000000000e+00 1.253768801689147949e+00 0.000000000000000000e+00 0.000000000000000000e+00 0.000000000000000000e+00 7.552133798599243164e-01 3.306248092651367188e+01 0.000000000000000000e+00 0.000000000000000000e+00 0.000000000000000000e+00 1.778042221069335938e+01 0.000000000000000000e+00 0.000000000000000000e+00 0.000000000000000000e+00 7.629394531250000000e-06 6.585113525390625000e+00
1.261306524276733398e+00 0.000000000000000000e+00 0.000000000000000000e+00 0.000000000000000000e+00 1.261306524276733398e+00 0.000000000000000000e+00 0.000000000000000000e+00 0.000000000000000000e+00 7.489313483238220215e-01 3.405272674560546875e+01 0.000000000000000000e+00 0.000000000000000000e+00 0.000000000000000000e+00 1.824010467529296875e+01 0.000000000000000000e+00 0.000000000000000000e+00 0.000000000000000000e+00 -7.629394531250000000e-06 6.973815917968750000e+00
1.268844246864318848e+00 0.000000000000000000e+00 0.000000000000000000e+00 0.000000000000000000e+00 1.268844246864318848e+00 0.000000000000000000e+00 0.000000000000000000e+00 0.000000000000000000e+00 7.427024245262145996e-01 3.504543685913085938e+01 0.000000000000000000e+00 0.000000000000000000e+00 0.000000000000000000e+00 1.869781494140625000e+01 0.000000000000000000e+00 0.000000000000000000e+00 0.000000000000000000e+00 0.000000000000000000e+00 7.373447418212890625e+00
1.276381850242614746e+00 0.000000000000000000e+00 0.000000000000000000e+00 0.000000000000000000e+00 1.276381850242614746e+00 0.000000000000000000e+00 0.000000000000000000e+00 0.000000000000000000e+00 7.365261912345886230e-01 3.604072952270507812e+01 0.000000000000000000e+00 0.000000000000000000e+00 0.000000000000000000e+00 1.915370941162109375e+01 0.000000000000000000e+00 0.000000000000000000e+00 0.000000000000000000e+00 -7.629394531250000000e-06 7.784023284912109375e+00
1.283919572830200195e+00 0.000000000000000000e+00 0.000000000000000000e+00 0.000000000000000000e+00 1.283919572830200195e+00 0.000000000000000000e+00 0.000000000000000000e+00 0.000000000000000000e+00 7.304022312164306641e-01 3.703882598876953125e+01 0.000000000000000000e+00 0.000000000000000000e+00 0.000000000000000000e+00 1.960792160034179688e+01 0.000000000000000000e+00 0.000000000000000000e+00 0.000000000000000000e+00 -1.525878906250000000e-05 8.205528259277343750e+00
1.291457295417785645e+00 0.000000000000000000e+00 0.000000000000000000e+00 0.000000000000000000e+00 1.291457295417785645e+00 0.000000000000000000e+00 0.000000000000000000e+00 0.000000000000000000e+00 7.243302464485168457e-01 3.803985977172851562e+01 0.000000000000000000e+00 0.000000000000000000e+00 0.000000000000000000e+00 2.006061553955078125e+01 0.000000000000000000e+00 0.000000000000000000e+00 0.000000000000000000e+00 7.629394531250000000e-06 8.637992858886718750e+00
1.298995018005371094e+00 0.000000000000000000e+00 0.000000000000000000e+00 0.000000000000000000e+00 1.298995018005371094e+00 0.000000000000000000e+00 0.000000000000000000e+00 0.000000000000000000e+00 7.183098793029785156e-01 3.904397964477539062e+01 0.000000000000000000e+00 0.000000000000000000e+00 0.000000000000000000e+00 2.051188659667968750e+01 0.000000000000000000e+00 0.000000000000000000e+00 0.000000000000000000e+00 7.629394531250000000e-06 9.081428527832031250e+00
1.306532621383666992e+00 0.000000000000000000e+00 0.000000000000000000e+00 0.000000000000000000e+00 1.306532621383666992e+00 0.000000000000000000e+00 0.000000000000000000e+00 0.000000000000000000e+00 7.123407721519470215e-01 4.005132675170898438e+01 0.000000000000000000e+00 0.000000000000000000e+00 0.000000000000000000e+00 2.096188735961914062e+01 0.000000000000000000e+00 0.000000000000000000e+00 0.000000000000000000e+00 -2.288818359375000000e-05 9.535820007324218750e+00
1.314070343971252441e+00 0.000000000000000000e+00 0.000000000000000000e+00 0.000000000000000000e+00 1.314070343971252441e+00 0.000000000000000000e+00 0.000000000000000000e+00 0.000000000000000000e+00 7.064225673675537109e-01 4.106213378906250000e+01 0.000000000000000000e+00 0.000000000000000000e+00 0.000000000000000000e+00 2.141081237792968750e+01 0.000000000000000000e+00 0.000000000000000000e+00 0.000000000000000000e+00 7.629394531250000000e-06 1.000123214721679688e+01
1.321608066558837891e+00 0.000000000000000000e+00 0.000000000000000000e+00 0.000000000000000000e+00 1.321608066558837891e+00 0.000000000000000000e+00 0.000000000000000000e+00 0.000000000000000000e+00 7.005549073219299316e-01 4.207650375366210938e+01 0.000000000000000000e+00 0.000000000000000000e+00 0.000000000000000000e+00 2.185872268676757812e+01 0.000000000000000000e+00 0.000000000000000000e+00 0.000000000000000000e+00 -7.629394531250000000e-06 1.047763824462890625e+01
1.329145669937133789e+00 0.000000000000000000e+00 0.000000000000000000e+00 0.000000000000000000e+00 1.329145669937133789e+00 0.000000000000000000e+00 0.000000000000000000e+00 0.000000000000000000e+00 6.947374343872070312e-01 4.309459304809570312e+01 0.000000000000000000e+00 0.000000000000000000e+00 0.000000000000000000e+00 2.230579757690429688e+01 0.000000000000000000e+00 0.000000000000000000e+00 0.000000000000000000e+00 -2.288818359375000000e-05 1.096508789062500000e+01
1.336683392524719238e+00 0.000000000000000000e+00 0.000000000000000000e+00 0.000000000000000000e+00 1.336683392524719238e+00 0.000000000000000000e+00 0.000000000000000000e+00 0.000000000000000000e+00 6.889698505401611328e-01 4.411662292480468750e+01 0.000000000000000000e+00 0.000000000000000000e+00 0.000000000000000000e+00 2.275215911865234375e+01 0.000000000000000000e+00 0.000000000000000000e+00 0.000000000000000000e+00 0.000000000000000000e+00 1.146357727050781250e+01
1.344221115112304688e+00 0.000000000000000000e+00 0.000000000000000000e+00 0.000000000000000000e+00 1.344221115112304688e+00 0.000000000000000000e+00 0.000000000000000000e+00 0.000000000000000000e+00 6.832516789436340332e-01 4.514270782470703125e+01 0.000000000000000000e+00 0.000000000000000000e+00 0.000000000000000000e+00 2.319795227050781250e+01 0.000000000000000000e+00 0.000000000000000000e+00 0.000000000000000000e+00 0.000000000000000000e+00 1.197315979003906250e+01
1.351758837699890137e+00 0.000000000000000000e+00 0.000000000000000000e+00 0.000000000000000000e+00 1.351758837699890137e+00 0.000000000000000000e+00 0.000000000000000000e+00 0.000000000000000000e+00 6.775826811790466309e-01 4.617301940917968750e+01 0.000000000000000000e+00 0.000000000000000000e+00 0.000000000000000000e+00 2.364331817626953125e+01 0.000000000000000000e+00 0.000000000000000000e+00 0.000000000000000000e+00 7.629394531250000000e-06 1.249384689331054688e+01
1.359296441078186035e+00 0.000000000000000000e+00 0.000000000000000000e+00 0.000000000000000000e+00 1.359296441078186035e+00 0.000000000000000000e+00 0.000000000000000000e+00 0.000000000000000000e+00 6.719624400138854980e-01 4.720770645141601562e+01 0.000000000000000000e+00 0.000000000000000000e+00 0.000000000000000000e+00 2.408834457397460938e+01 0.000000000000000000e+00 0.000000000000000000e+00 0.000000000000000000e+00 -1.525878906250000000e-05 1.302568054199218750e+01
1.366834163665771484e+00 0.000000000000000000e+00 0.000000000000000000e+00 0.000000000000000000e+00 1.366834163665771484e+00 0.000000000000000000e+00 0.000000000000000000e+00 0.000000000000000000e+00 6.663906574249267578e-01 4.824695587158203125e+01 0.000000000000000000e+00 0.000000000000000000e+00 0.000000000000000000e+00 2.453321075439453125e+01 0.000000000000000000e+00 0.000000000000000000e+00 0.000000000000000000e+00 -7.629394531250000000e-06 1.356867980957031250e+01
1.374371886253356934e+00 0.000000000000000000e+00 0.000000000000000000e+00 0.000000000000000000e+00 1.374371886253356934e+00 0.000000000000000000e+00 0.000000000000000000e+00 0.000000000000000000e+00 6.608669757843017578e-01 4.929094696044921875e+01 0.000000000000000000e+00 0.000000000000000000e+00 0.000000000000000000e+00 2.497805023193359375e+01 0.000000000000000000e+00 0.000000000000000000e+00 0.000000000000000000e+00 7.629394531250000000e-06 1.412288665771484375e+01
1.381909489631652832e+00 0.000000000000000000e+00 0.000000000000000000e+00 0.000000000000000000e+00 1.381909489631652832e+00 0.000000000000000000e+00 0.000000000000000000e+00 0.000000000000000000e+00 6.553910374641418457e-01 5.033978271484375000e+01 0.000000000000000000e+00 0.000000000000000000e+00 0.000000000000000000e+00 2.542296600341796875e+01 0.000000000000000000e+00 0.000000000000000000e+00 0.000000000000000000e+00 0.000000000000000000e+00 1.468832015991210938e+01
1.389447212219238281e+00 0.000000000000000000e+00 0.000000000000000000e+00 0.000000000000000000e+00 1.389447212219238281e+00 0.000000000000000000e+00 0.000000000000000000e+00 0.000000000000000000e+00 6.499624848365783691e-01 5.139369201660156250e+01 0.000000000000000000e+00 0.000000000000000000e+00 0.000000000000000000e+00 2.586811065673828125e+01 0.000000000000000000e+00 0.000000000000000000e+00 0.000000000000000000e+00 -1.525878906250000000e-05 1.526503753662109375e+01
1.396984934806823730e+00 0.000000000000000000e+00 0.000000000000000000e+00 0.000000000000000000e+00 1.396984934806823730e+00 0.000000000000000000e+00 0.000000000000000000e+00 0.000000000000000000e+00 6.445809602737426758e-01 5.245283889770507812e+01 0.000000000000000000e+00 0.000000000000000000e+00 0.000000000000000000e+00 2.631361770629882812e+01 0.000000000000000000e+00 0.000000000000000000e+00 0.000000000000000000e+00 7.629394531250000000e-06 1.585308837890625000e+01
1.404522657394409180e+00 0.000000000000000000e+00 0.000000000000000000e+00 0.000000000000000000e+00 1.404522657394409180e+00 0.000000000000000000e+00 0.000000000000000000e+00 0.000000000000000000e+00 6.392461657524108887e-01 5.351733016967773438e+01 0.000000000000000000e+00 0.000000000000000000e+00 0.000000000000000000e+00 2.675959396362304688e+01 0.000000000000000000e+00 0.000000000000000000e+00 0.000000000000000000e+00 0.000000000000000000e+00 1.645249176025390625e+01
1.412060260772705078e+00 0.000000000000000000e+00 0.000000000000000000e+00 0.000000000000000000e+00 1.412060260772705078e+00 0.000000000000000000e+00 0.000000000000000000e+00 0.000000000000000000e+00 6.339578032493591309e-01 5.458739471435546875e+01 0.000000000000000000e+00 0.000000000000000000e+00 0.000000000000000000e+00 2.720620727539062500e+01 0.000000000000000000e+00 0.000000000000000000e+00 0.000000000000000000e+00 -7.629394531250000000e-06 1.706330490112304688e+01
1.419597983360290527e+00 0.000000000000000000e+00 0.000000000000000000e+00 0.000000000000000000e+00 1.419597983360290527e+00 0.000000000000000000e+00 0.000000000000000000e+00 0.000000000000000000e+00 6.287153959274291992e-01 5.566316604614257812e+01 0.000000000000000000e+00 0.000000000000000000e+00 0.000000000000000000e+00 2.765356826782226562e+01 0.000000000000000000e+00 0.000000000000000000e+00 0.000000000000000000e+00 -7.629394531250000000e-06 1.768558883666992188e+01
1.427135705947875977e+00 0.000000000000000000e+00 0.000000000000000000e+00 0.000000000000000000e+00 1.427135705947875977e+00 0.000000000000000000e+00 0.000000000000000000e+00 0.000000000000000000e+00 6.235187649726867676e-01 5.674483871459960938e+01 0.000000000000000000e+00 0.000000000000000000e+00 0.000000000000000000e+00 2.810181045532226562e+01 0.000000000000000000e+00 0.000000000000000000e+00 0.000000000000000000e+00 0.000000000000000000e+00 1.831935119628906250e+01
1.434673309326171875e+00 0.000000000000000000e+00 0.000000000000000000e+00 0.000000000000000000e+00 1.434673309326171875e+00 0.000000000000000000e+00 0.000000000000000000e+00 0.000000000000000000e+00 6.183674335479736328e-01 5.783253097534179688e+01 0.000000000000000000e+00 0.000000000000000000e+00 0.000000000000000000e+00 2.855106735229492188e+01 0.000000000000000000e+00 0.000000000000000000e+00 0.000000000000000000e+00 -7.629394531250000000e-06 1.896468734741210938e+01
1.442211031913757324e+00 0.000000000000000000e+00 0.000000000000000000e+00 0.000000000000000000e+00 1.442211031913757324e+00 0.000000000000000000e+00 0.000000000000000000e+00 0.000000000000000000e+00 6.132611632347106934e-01 5.892647933959960938e+01 0.000000000000000000e+00 0.000000000000000000e+00 0.000000000000000000e+00 2.900148391723632812e+01 0.000000000000000000e+00 0.000000000000000000e+00 0.000000000000000000e+00 0.000000000000000000e+00 1.962164306640625000e+01
1.449748754501342773e+00 0.000000000000000000e+00 0.000000000000000000e+00 0.000000000000000000e+00 1.449748754501342773e+00 0.000000000000000000e+00 0.000000000000000000e+00 0.000000000000000000e+00 6.081995368003845215e-01 6.002682876586914062e+01 0.000000000000000000e+00 0.000000000000000000e+00 0.000000000000000000e+00 2.945316696166992188e+01 0.000000000000000000e+00 0.000000000000000000e+00 0.000000000000000000e+00 0.000000000000000000e+00 2.029025268554687500e+01
1.457286477088928223e+00 0.000000000000000000e+00 0.000000000000000000e+00 0.000000000000000000e+00 1.457286477088928223e+00 0.000000000000000000e+00 0.000000000000000000e+00 0.000000000000000000e+00 6.031823158264160156e-01 6.113374328613281250e+01 0.000000000000000000e+00 0.000000000000000000e+00 0.000000000000000000e+00 2.990629577636718750e+01 0.000000000000000000e+00 0.000000000000000000e+00 0.000000000000000000e+00 1.525878906250000000e-05 2.097061157226562500e+01
1.464824080467224121e+00 0.000000000000000000e+00 0.000000000000000000e+00 0.000000000000000000e+00 1.464824080467224121e+00 0.000000000000000000e+00 0.000000000000000000e+00 0.000000000000000000e+00 5.982091426849365234e-01 6.224739074707031250e+01 0.000000000000000000e+00 0.000000000000000000e+00 0.000000000000000000e+00 3.036094665527343750e+01 0.000000000000000000e+00 0.000000000000000000e+00 0.000000000000000000e+00 7.629394531250000000e-06 2.166274261474609375e+01
1.472361803054809570e+00 0.000000000000000000e+00 0.000000000000000000e+00 0.000000000000000000e+00 1.472361803054809570e+00 0.000000000000000000e+00 0.000000000000000000e+00 0.000000000000000000e+00 5.932796001434326172e-01 6.336796569824218750e+01 0.000000000000000000e+00 0.000000000000000000e+00 0.000000000000000000e+00 3.081729125976562500e+01 0.000000000000000000e+00 0.000000000000000000e+00 0.000000000000000000e+00 -7.629394531250000000e-06 2.236672973632812500e+01
1.479899525642395020e+00 0.000000000000000000e+00 0.000000000000000000e+00 0.000000000000000000e+00 1.479899525642395020e+00 0.000000000000000000e+00 0.000000000000000000e+00 0.000000000000000000e+00 5.883935093879699707e-01 6.449563598632812500e+01 0.000000000000000000e+00 0.000000000000000000e+00 0.000000000000000000e+00 3.127545928955078125e+01 0.000000000000000000e+00 0.000000000000000000e+00 0.000000000000000000e+00 0.000000000000000000e+00 2.308264160156250000e+01
1.487437129020690918e+00 0.000000000000000000e+00 0.000000000000000000e+00 0.000000000000000000e+00 1.487437129020690918e+00 0.000000000000000000e+00 0.000000000000000000e+00 0.000000000000000000e+00 5.835503935813903809e-01 6.563055419921875000e+01 0.000000000000000000e+00 0.000000000000000000e+00 0.000000000000000000e+00 3.173555374145507812e+01 0.000000000000000000e+00 0.000000000000000000e+00 0.000000000000000000e+00 -3.051757812500000000e-05 2.381053161621093750e+01
1.494974851608276367e+00 0.000000000000000000e+00 0.000000000000000000e+00 0.000000000000000000e+00 1.494974851608276367e+00 0.000000000000000000e+00 0.000000000000000000e+00 0.000000000000000000e+00 5.787500739097595215e-01 6.677296447753906250e+01 0.000000000000000000e+00 0.000000000000000000e+00 0.000000000000000000e+00 3.219778823852539062e+01 0.000000000000000000e+00 0.000000000000000000e+00 0.000000000000000000e+00 1.525878906250000000e-05 2.455049896240234375e+01
1.502512574195861816e+00 0.000000000000000000e+00 0.000000000000000000e+00 0.000000000000000000e+00 1.502512574195861816e+00 0.000000000000000000e+00 0.000000000000000000e+00 0.000000000000000000e+00 5.739921331405639648e-01 6.792297363281250000e+01 0.000000000000000000e+00 0.000000000000000000e+00 0.000000000000000000e+00 3.266222381591796875e+01 0.000000000000000000e+00 0.000000000000000000e+00 0.000000000000000000e+00 0.000000000000000000e+00 2.530258941650390625e+01
1.510050296783447266e+00 0.000000000000000000e+00 0.000000000000000000e+00 0.000000000000000000e+00 1.510050296783447266e+00 0.000000000000000000e+00 0.000000000000000000e+00 0.000000000000000000e+00 5.692762136459350586e-01 6.908080291748046875e+01 0.000000000000000000e+00 0.000000000000000000e+00 0.000000000000000000e+00 3.312904357910156250e+01 0.000000000000000000e+00 0.000000000000000000e+00 0.000000000000000000e+00 2.288818359375000000e-05 2.606689453125000000e+01
1.517587900161743164e+00 0.000000000000000000e+00 0.000000000000000000e+00 0.000000000000000000e+00 1.517587900161743164e+00 0.000000000000000000e+00 0.000000000000000000e+00 0.000000000000000000e+00 5.646021366119384766e-01 7.024657440185546875e+01 0.000000000000000000e+00 0.000000000000000000e+00 0.000000000000000000e+00 3.359832000732421875e+01 0.000000000000000000e+00 0.000000000000000000e+00 0.000000000000000000e+00 0.000000000000000000e+00 2.684346008300781250e+01
1.525125622749328613e+00 0.000000000000000000e+00 0.000000000000000000e+00 0.000000000000000000e+00 1.525125622749328613e+00 0.000000000000000000e+00 0.000000000000000000e+00 0.000000000000000000e+00 5.599694252014160156e-01 7.142056274414062500e+01 0.000000000000000000e+00 0.000000000000000000e+00 0.000000000000000000e+00 3.407027053833007812e+01 0.000000000000000000e+00 0.000000000000000000e+00 0.000000000000000000e+00 -1.525878906250000000e-05 2.763240814208984375e+01
1.532663345336914062e+00 0.000000000000000000e+00 0.000000000000000000e+00 0.000000000000000000e+00 1.532663345336914062e+00 0.000000000000000000e+00 0.000000000000000000e+00 0.000000000000000000e+00 5.553779006004333496e-01 7.260291290283203125e+01 0.000000000000000000e+00 0.000000000000000000e+00 0.000000000000000000e+00 3.454502105712890625e+01 0.000000000000000000e+00 0.000000000000000000e+00 0.000000000000000000e+00 1.525878906250000000e-05 2.843380737304687500e+01
1.540200948715209961e+00 0.000000000000000000e+00 0.000000000000000000e+00 0.000000000000000000e+00 1.540200948715209961e+00 0.000000000000000000e+00 0.000000000000000000e+00 0.000000000000000000e+00 5.508271455764770508e-01 7.379374694824218750e+01 0.000000000000000000e+00 0.000000000000000000e+00 0.000000000000000000e+00 3.502266693115234375e+01 0.000000000000000000e+00 0.000000000000000000e+00 0.000000000000000000e+00 -3.051757812500000000e-05 2.924772644042968750e+01
1.547738671302795410e+00 0.000000000000000000e+00 0.000000000000000000e+00 0.000000000000000000e+00 1.547738671302795410e+00 0.000000000000000000e+00 0.000000000000000000e+00 0.000000000000000000e+00 5.463168621063232422e-01 7.499333190917968750e+01 0.000000000000000000e+00 0.000000000000000000e+00 0.000000000000000000e+00 3.550340652465820312e+01 0.000000000000000000e+00 0.000000000000000000e+00 0.000000000000000000e+00 -1.525878906250000000e-05 3.007427978515625000e+01
1.555276393890380859e+00 0.000000000000000000e+00 0.000000000000000000e+00 0.000000000000000000e+00 1.555276393890380859e+00 0.000000000000000000e+00 0.000000000000000000e+00 0.000000000000000000e+00 5.418468117713928223e-01 7.620186614990234375e+01 0.000000000000000000e+00 0.000000000000000000e+00 0.000000000000000000e+00 3.598737335205078125e+01 0.000000000000000000e+00 0.000000000000000000e+00 0.000000000000000000e+00 4.577636718750000000e-05 3.091355133056640625e+01
1.562814116477966309e+00 0.000000000000000000e+00 0.000000000000000000e+00 0.000000000000000000e+00 1.562814116477966309e+00 0.000000000000000000e+00 0.000000000000000000e+00 0.000000000000000000e+00 5.374165773391723633e-01 7.741947937011718750e+01 0.000000000000000000e+00 0.000000000000000000e+00 0.000000000000000000e+00 3.647468566894531250e+01 0.000000000000000000e+00 0.000000000000000000e+00 0.000000000000000000e+00 3.814697265625000000e-05 3.176562500000000000e+01
1.570351719856262207e+00 0.000000000000000000e+00 0.000000000000000000e+00 0.000000000000000000e+00 1.570351719856262207e+00 0.000000000000000000e+00 0.000000000000000000e+00 0.000000000000000000e+00 5.330259203910827637e-01 7.864634704589843750e+01 0.000000000000000000e+00 0.000000000000000000e+00 0.000000000000000000e+00 3.696547317504882812e+01 0.000000000000000000e+00 0.000000000000000000e+00 0.000000000000000000e+00 1.525878906250000000e-05 3.263057708740234375e+01
1.577889442443847656e+00 0.000000000000000000e+00 0.000000000000000000e+00 0.000000000000000000e+00 1.577889442443847656e+00 0.000000000000000000e+00 0.000000000000000000e+00 0.000000000000000000e+00 5.286744832992553711e-01 7.988272857666015625e+01 0.000000000000000000e+00 0.000000000000000000e+00 0.000000000000000000e+00 3.745993804931640625e+01 0.000000000000000000e+00 0.000000000000000000e+00 0.000000000000000000e+00 0.000000000000000000e+00 3.350854492187500000e+01
1.585427165031433105e+00 0.000000000000000000e+00 0.000000000000000000e+00 0.000000000000000000e+00 1.585427165031433105e+00 0.000000000000000000e+00 0.000000000000000000e+00 0.000000000000000000e+00 5.243619680404663086e-01 8.112880706787109375e+01 0.000000000000000000e+00 0.000000000000000000e+00 0.000000000000000000e+00 3.795822143554687500e+01 0.000000000000000000e+00 0.000000000000000000e+00 0.000000000000000000e+00 1.525878906250000000e-05 3.439961242675781250e+01
1.592964768409729004e+00 0.000000000000000000e+00 0.000000000000000000e+00 0.000000000000000000e+00 1.592964768409729004e+00 0.000000000000000000e+00 0.000000000000000000e+00 0.000000000000000000e+00 5.200881361961364746e-01 8.238470458984375000e+01 0.000000000000000000e+00 0.000000000000000000e+00 0.000000000000000000e+00 3.846042251586914062e+01 0.000000000000000000e+00 0.000000000000000000e+00 0.000000000000000000e+00 -1.525878906250000000e-05 3.530384826660156250e+01
1.600502490997314453e+00 0.000000000000000000e+00 0.000000000000000000e+00 0.000000000000000000e+00 1.600502490997314453e+00 0.000000000000000000e+00 0.000000000000000000e+00 0.000000000000000000e+00 5.158526301383972168e-01 8.365068817138671875e+01 0.000000000000000000e+00 0.000000000000000000e+00 0.000000000000000000e+00 3.896675109863281250e+01 0.000000000000000000e+00 0.000000000000000000e+00 0.000000000000000000e+00 7.629394531250000000e-06 3.622141265869140625e+01
1.608040213584899902e+00 0.000000000000000000e+00 0.000000000000000000e+00 0.000000000000000000e+00 1.608040213584899902e+00 0.000000000000000000e+00 0.000000000000000000e+00 0.000000000000000000e+00 5.116550922393798828e-01 8.492697143554687500e+01 0.000000000000000000e+00 0.000000000000000000e+00 0.000000000000000000e+00 3.947734069824218750e+01 0.000000000000000000e+00 0.000000000000000000e+00 0.000000000000000000e+00 1.525878906250000000e-05 3.715238189697265625e+01
1.615577936172485352e+00 0.000000000000000000e+00 0.000000000000000000e+00 0.000000000000000000e+00 1.615577936172485352e+00 0.000000000000000000e+00 0.000000000000000000e+00 0.000000000000000000e+00 5.074952840805053711e-01 8.621369934082031250e+01 0.000000000000000000e+00 0.000000000000000000e+00 0.000000000000000000e+00 3.999232864379882812e+01 0.000000000000000000e+00 0.000000000000000000e+00 0.000000000000000000e+00 3.051757812500000000e-05 3.809690856933593750e+01
1.623115539550781250e+00 0.000000000000000000e+00 0.000000000000000000e+00 0.000000000000000000e+00 1.623115539550781250e+00 0.000000000000000000e+00 0.000000000000000000e+00 0.000000000000000000e+00 5.033729076385498047e-01 8.751109313964843750e+01 0.000000000000000000e+00 0.000000000000000000e+00 0.000000000000000000e+00 4.051187896728515625e+01 0.000000000000000000e+00 0.000000000000000000e+00 0.000000000000000000e+00 -2.288818359375000000e-05 3.905503845214843750e+01
1.630653262138366699e+00 0.000000000000000000e+00 0.000000000000000000e+00 0.000000000000000000e+00 1.630653262138366699e+00 0.000000000000000000e+00 0.000000000000000000e+00 0.000000000000000000e+00 4.992876648902893066e-01 8.881935882568359375e+01 0.000000000000000000e+00 0.000000000000000000e+00 0.000000000000000000e+00 4.103617095947265625e+01 0.000000000000000000e+00 0.000000000000000000e+00 0.000000000000000000e+00 -1.525878906250000000e-05 4.002692413330078125e+01
1.638190984725952148e+00 0.000000000000000000e+00 0.000000000000000000e+00 0.000000000000000000e+00 1.638190984725952148e+00 0.000000000000000000e+00 0.000000000000000000e+00 0.000000000000000000e+00 4.952392280101776123e-01 9.013873291015625000e+01 0.000000000000000000e+00 0.000000000000000000e+00 0.000000000000000000e+00 4.156536102294921875e+01 0.000000000000000000e+00 0.000000000000000000e+00 0.000000000000000000e+00 2.288818359375000000e-05 4.101271057128906250e+01
1.645728588104248047e+00 0.000000000000000000e+00 0.000000000000000000e+00 0.000000000000000000e+00 1.645728588104248047e+00 0.000000000000000000e+00 0.000000000000000000e+00 0.000000000000000000e+00 4.912273287773132324e-01 9.146931457519531250e+01 0.000000000000000000e+00 0.000000000000000000e+00 0.000000000000000000e+00 4.209956741333007812e+01 0.000000000000000000e+00 0.000000000000000000e+00 0.000000000000000000e+00 -7.629394531250000000e-06 4.201246643066406250e+01
1.653266310691833496e+00 0.000000000000000000e+00 0.000000000000000000e+00 0.000000000000000000e+00 1.653266310691833496e+00 0.000000000000000000e+00 0.000000000000000000e+00 0.000000000000000000e+00 4.872516393661499023e-01 9.281146240234375000e+01 0.000000000000000000e+00 0.000000000000000000e+00 0.000000000000000000e+00 4.263900375366210938e+01 0.000000000000000000e+00 0.000000000000000000e+00 0.000000000000000000e+00 -1.525878906250000000e-05 4.302633666992187500e+01
1.660804033279418945e+00 0.000000000000000000e+00 0.000000000000000000e+00 0.000000000000000000e+00 1.660804033279418945e+00 0.000000000000000000e+00 0.000000000000000000e+00 0.000000000000000000e+00 4.833118617534637451e-01 9.416529846191406250e+01 0.000000000000000000e+00 0.000000000000000000e+00 0.000000000000000000e+00 4.318384170532226562e+01 0.000000000000000000e+00 0.000000000000000000e+00 0.000000000000000000e+00 1.525878906250000000e-05 4.405446624755859375e+01
1.668341755867004395e+00 0.000000000000000000e+00 0.000000000000000000e+00 0.000000000000000000e+00 1.668341755867004395e+00 0.000000000000000000e+00 0.000000000000000000e+00 0.000000000000000000e+00 4.794077575206756592e-01 9.553103637695312500e+01 0.000000000000000000e+00 0.000000000000000000e+00 0.000000000000000000e+00 4.373421859741210938e+01 0.000000000000000000e+00 0.000000000000000000e+00 0.000000000000000000e+00 3.814697265625000000e-05 4.509699249267578125e+01
1.675879359245300293e+00 0.000000000000000000e+00 0.000000000000000000e+00 0.000000000000000000e+00 1.675879359245300293e+00 0.000000000000000000e+00 0.000000000000000000e+00 0.000000000000000000e+00 4.755389690399169922e-01 9.690887451171875000e+01 0.000000000000000000e+00 0.000000000000000000e+00 0.000000000000000000e+00 4.429024887084960938e+01 0.000000000000000000e+00 0.000000000000000000e+00 0.000000000000000000e+00 -3.814697265625000000e-05 4.615397644042968750e+01
1.683417081832885742e+00 0.000000000000000000e+00 0.000000000000000000e+00 0.000000000000000000e+00 1.683417081832885742e+00 0.000000000000000000e+00 0.000000000000000000e+00 0.000000000000000000e+00 4.717052578926086426e-01 9.829910278320312500e+01 0.000000000000000000e+00 0.000000000000000000e+00 0.000000000000000000e+00 4.485223388671875000e+01 0.000000000000000000e+00 0.000000000000000000e+00 0.000000000000000000e+00 -1.525878906250000000e-05 4.722564697265625000e+01
1.690954804420471191e+00 0.000000000000000000e+00 0.000000000000000000e+00 0.000000000000000000e+00 1.690954804420471191e+00 0.000000000000000000e+00 0.000000000000000000e+00 0.000000000000000000e+00 4.679063260555267334e-01 9.970190429687500000e+01 0.000000000000000000e+00 0.000000000000000000e+00 0.000000000000000000e+00 4.542027664184570312e+01 0.000000000000000000e+00 0.000000000000000000e+00 0.000000000000000000e+00 5.340576171875000000e-05 4.831209564208984375e+01
1.698492407798767090e+00 0.000000000000000000e+00 0.000000000000000000e+00 0.000000000000000000e+00 1.698492407798767090e+00 0.000000000000000000e+00 0.000000000000000000e+00 0.000000000000000000e+00 4.641418457031250000e-01 1.011174468994140625e+02 0.000000000000000000e+00 0.000000000000000000e+00 0.000000000000000000e+00 4.599451446533203125e+01 0.000000000000000000e+00 0.000000000000000000e+00 0.000000000000000000e+00 0.000000000000000000e+00 4.941346740722656250e+01
1.706030130386352539e+00 0.000000000000000000e+00 0.000000000000000000e+00 0.000000000000000000e+00 1.706030130386352539e+00 0.000000000000000000e+00 0.000000000000000000e+00 0.000000000000000000e+00 4.604115486145019531e-01 1.025460281372070312e+02 0.000000000000000000e+00 0.000000000000000000e+00 0.000000000000000000e+00 4.657517242431640625e+01 0.000000000000000000e+00 0.000000000000000000e+00 0.000000000000000000e+00 0.000000000000000000e+00 5.052992248535156250e+01
1.713567852973937988e+00 0.000000000000000000e+00 0.000000000000000000e+00 0.000000000000000000e+00 1.713567852973937988e+00 0.000000000000000000e+00 0.000000000000000000e+00 0.000000000000000000e+00 4.567151963710784912e-01 1.039878463745117188e+02 0.000000000000000000e+00 0.000000000000000000e+00 0.000000000000000000e+00 4.716245269775390625e+01 0.000000000000000000e+00 0.000000000000000000e+00 0.000000000000000000e+00 4.577636718750000000e-05 5.166158294677734375e+01
1.721105575561523438e+00 0.000000000000000000e+00 0.000000000000000000e+00 0.000000000000000000e+00 1.721105575561523438e+00 0.000000000000000000e+00 0.000000000000000000e+00 0.000000000000000000e+00 4.530524313449859619e-01 1.054431152343750000e+02 0.000000000000000000e+00 0.000000000000000000e+00 0.000000000000000000e+00 4.775648117065429688e+01 0.000000000000000000e+00 0.000000000000000000e+00 0.000000000000000000e+00 7.629394531250000000e-06 5.280862426757812500e+01
1.728643178939819336e+00 0.000000000000000000e+00 0.000000000000000000e+00 0.000000000000000000e+00 1.728643178939819336e+00 0.000000000000000000e+00 0.000000000000000000e+00 0.000000000000000000e+00 4.494230151176452637e-01 1.069120407104492188e+02 0.000000000000000000e+00 0.000000000000000000e+00 0.000000000000000000e+00 4.835746002197265625e+01 0.000000000000000000e+00 0.000000000000000000e+00 0.000000000000000000e+00 0.000000000000000000e+00 5.397117614746093750e+01
1.736180901527404785e+00 0.000000000000000000e+00 0.000000000000000000e+00 0.000000000000000000e+00 1.736180901527404785e+00 0.000000000000000000e+00 0.000000000000000000e+00 0.000000000000000000e+00 4.458266496658325195e-01 1.083949279785156250e+02 0.000000000000000000e+00 0.000000000000000000e+00 0.000000000000000000e+00 4.896560287475585938e+01 0.000000000000000000e+00 0.000000000000000000e+00 0.000000000000000000e+00 1.525878906250000000e-05 5.514941406250000000e+01
1.743718624114990234e+00 0.000000000000000000e+00 0.000000000000000000e+00 0.000000000000000000e+00 1.743718624114990234e+00 0.000000000000000000e+00 0.000000000000000000e+00 0.000000000000000000e+00 4.422630965709686279e-01 1.098919754028320312e+02 0.000000000000000000e+00 0.000000000000000000e+00 0.000000000000000000e+00 4.958106994628906250e+01 0.000000000000000000e+00 0.000000000000000000e+00 0.000000000000000000e+00 3.814697265625000000e-05 5.634349060058593750e+01
1.751256227493286133e+00 0.000000000000000000e+00 0.000000000000000000e+00 0.000000000000000000e+00 1.751256227493286133e+00 0.000000000000000000e+00 0.000000000000000000e+00 0.000000000000000000e+00 4.387319982051849365e-01 1.114033737182617188e+02 0.000000000000000000e+00 0.000000000000000000e+00 0.000000000000000000e+00 5.020404815673828125e+01 0.000000000000000000e+00 0.000000000000000000e+00 0.000000000000000000e+00 -7.629394531250000000e-06 5.755356597900390625e+01
1.758793950080871582e+00 0.000000000000000000e+00 0.000000000000000000e+00 0.000000000000000000e+00 1.758793950080871582e+00 0.000000000000000000e+00 0.000000000000000000e+00 0.000000000000000000e+00 4.352331459522247314e-01 1.129294204711914062e+02 0.000000000000000000e+00 0.000000000000000000e+00 0.000000000000000000e+00 5.083474731445312500e+01 0.000000000000000000e+00 0.000000000000000000e+00 0.000000000000000000e+00 -3.051757812500000000e-05 5.877983856201171875e+01
1.766331672668457031e+00 0.000000000000000000e+00 0.000000000000000000e+00 0.000000000000000000e+00 1.766331672668457031e+00 0.000000000000000000e+00 0.000000000000000000e+00 0.000000000000000000e+00 4.317662417888641357e-01 1.144703445434570312e+02 0.000000000000000000e+00 0.000000000000000000e+00 0.000000000000000000e+00 5.147338104248046875e+01 0.000000000000000000e+00 0.000000000000000000e+00 0.000000000000000000e+00 -1.525878906250000000e-05 6.002244567871093750e+01
1.773869395256042480e+00 0.000000000000000000e+00 0.000000000000000000e+00 0.000000000000000000e+00 1.773869395256042480e+00 0.000000000000000000e+00 0.000000000000000000e+00 0.000000000000000000e+00 4.283310174942016602e-01 1.160263900756835938e+02 0.000000000000000000e+00 0.000000000000000000e+00 0.000000000000000000e+00 5.212013244628906250e+01 0.000000000000000000e+00 0.000000000000000000e+00 0.000000000000000000e+00 3.051757812500000000e-05 6.128158569335937500e+01
1.781406998634338379e+00 0.000000000000000000e+00 0.000000000000000000e+00 0.000000000000000000e+00 1.781406998634338379e+00 0.000000000000000000e+00 0.000000000000000000e+00 0.000000000000000000e+00 4.249271750450134277e-01 1.175977478027343750e+02 0.000000000000000000e+00 0.000000000000000000e+00 0.000000000000000000e+00 5.277515029907226562e+01 0.000000000000000000e+00 0.000000000000000000e+00 0.000000000000000000e+00 -1.525878906250000000e-05 6.255737304687500000e+01
1.788944721221923828e+00 0.000000000000000000e+00 0.000000000000000000e+00 0.000000000000000000e+00 1.788944721221923828e+00 0.000000000000000000e+00 0.000000000000000000e+00 0.000000000000000000e+00 4.215544760227203369e-01 1.191847305297851562e+02 0.000000000000000000e+00 0.000000000000000000e+00 0.000000000000000000e+00 5.343872070312500000e+01 0.000000000000000000e+00 0.000000000000000000e+00 0.000000000000000000e+00 0.000000000000000000e+00 6.385005187988281250e+01
1.796482443809509277e+00 0.000000000000000000e+00 0.000000000000000000e+00 0.000000000000000000e+00 1.796482443809509277e+00 0.000000000000000000e+00 0.000000000000000000e+00 0.000000000000000000e+00 4.182126224040985107e-01 1.207875976562500000e+02 0.000000000000000000e+00 0.000000000000000000e+00 0.000000000000000000e+00 5.411101531982421875e+01 0.000000000000000000e+00 0.000000000000000000e+00 0.000000000000000000e+00 0.000000000000000000e+00 6.515980529785156250e+01
1.804020047187805176e+00 0.000000000000000000e+00 0.000000000000000000e+00 0.000000000000000000e+00 1.804020047187805176e+00 0.000000000000000000e+00 0.000000000000000000e+00 0.000000000000000000e+00 4.149013459682464600e-01 1.224065322875976562e+02 0.000000000000000000e+00 0.000000000000000000e+00 0.000000000000000000e+00 5.479221343994140625e+01 0.000000000000000000e+00 0.000000000000000000e+00 0.000000000000000000e+00 -6.103515625000000000e-05 6.648675537109375000e+01
1.811557769775390625e+00 0.000000000000000000e+00 0.000000000000000000e+00 0.000000000000000000e+00 1.811557769775390625e+00 0.000000000000000000e+00 0.000000000000000000e+00 0.000000000000000000e+00 4.116204082965850830e-01 1.240418624877929688e+02 0.000000000000000000e+00 0.000000000000000000e+00 0.000000000000000000e+00 5.548261260986328125e+01 0.000000000000000000e+00 0.000000000000000000e+00 0.000000000000000000e+00 0.000000000000000000e+00 6.783120727539062500e+01
1.819095492362976074e+00 0.000000000000000000e+00 0.000000000000000000e+00 0.000000000000000000e+00 1.819095492362976074e+00 0.000000000000000000e+00 0.000000000000000000e+00 0.000000000000000000e+00 4.083695411682128906e-01 1.256938171386718750e+02 0.000000000000000000e+00 0.000000000000000000e+00 0.000000000000000000e+00 5.618234634399414062e+01 0.000000000000000000e+00 0.000000000000000000e+00 0.000000000000000000e+00 1.525878906250000000e-05 6.919325256347656250e+01
1.826633214950561523e+00 0.000000000000000000e+00 0.000000000000000000e+00 0.000000000000000000e+00 1.826633214950561523e+00 0.000000000000000000e+00 0.000000000000000000e+00 0.000000000000000000e+00 4.051484465599060059e-01 1.273626632690429688e+02 0.000000000000000000e+00 0.000000000000000000e+00 0.000000000000000000e+00 5.689166259765625000e+01 0.000000000000000000e+00 0.000000000000000000e+00 0.000000000000000000e+00 3.051757812500000000e-05 7.057314300537109375e+01
1.834170818328857422e+00 0.000000000000000000e+00 0.000000000000000000e+00 0.000000000000000000e+00 1.834170818328857422e+00 0.000000000000000000e+00 0.000000000000000000e+00 0.000000000000000000e+00 4.019568860530853271e-01 1.290486145019531250e+02 0.000000000000000000e+00 0.000000000000000000e+00 0.000000000000000000e+00 5.761075592041015625e+01 0.000000000000000000e+00 0.000000000000000000e+00 0.000000000000000000e+00 -4.577636718750000000e-05 7.197099304199218750e+01
1.841708540916442871e+00 0.000000000000000000e+00 0.000000000000000000e+00 0.000000000000000000e+00 1.841708540916442871e+00 0.000000000000000000e+00 0.000000000000000000e+00 0.000000000000000000e+00 3.987945616245269775e-01 1.307520141601562500e+02 0.000000000000000000e+00 0.000000000000000000e+00 0.000000000000000000e+00 5.833988952636718750e+01 0.000000000000000000e+00 0.000000000000000000e+00 0.000000000000000000e+00 0.000000000000000000e+00 7.338714599609375000e+01
1.849246263504028320e+00 0.000000000000000000e+00 0.000000000000000000e+00 0.000000000000000000e+00 1.849246263504028320e+00 0.000000000000000000e+00 0.000000000000000000e+00 0.000000000000000000e+00 3.956612646579742432e-01 1.324731445312500000e+02 0.000000000000000000e+00 0.000000000000000000e+00 0.000000000000000000e+00 5.907928085327148438e+01 0.000000000000000000e+00 0.000000000000000000e+00 0.000000000000000000e+00 0.000000000000000000e+00 7.482173919677734375e+01
1.856783866882324219e+00 0.000000000000000000e+00 0.000000000000000000e+00 0.000000000000000000e+00 1.856783866882324219e+00 0.000000000000000000e+00 0.000000000000000000e+00 0.000000000000000000e+00 3.925567269325256348e-01 1.342121887207031250e+02 0.000000000000000000e+00 0.000000000000000000e+00 0.000000000000000000e+00 5.982912445068359375e+01 0.000000000000000000e+00 0.000000000000000000e+00 0.000000000000000000e+00 -4.577636718750000000e-05 7.627494049072265625e+01
1.864321589469909668e+00 0.000000000000000000e+00 0.000000000000000000e+00 0.000000000000000000e+00 1.864321589469909668e+00 0.000000000000000000e+00 0.000000000000000000e+00 0.000000000000000000e+00 3.894806802272796631e-01 1.359694671630859375e+02 0.000000000000000000e+00 0.000000000000000000e+00 0.000000000000000000e+00 6.058971405029296875e+01 0.000000000000000000e+00 0.000000000000000000e+00 0.000000000000000000e+00 1.525878906250000000e-05 7.774703216552734375e+01
1.871859312057495117e+00 0.000000000000000000e+00 0.000000000000000000e+00 0.000000000000000000e+00 1.871859312057495117e+00 0.000000000000000000e+00 0.000000000000000000e+00 0.000000000000000000e+00 3.864328265190124512e-01 1.377453002929687500e+02 0.000000000000000000e+00 0.000000000000000000e+00 0.000000000000000000e+00 6.136125564575195312e+01 0.000000000000000000e+00 0.000000000000000000e+00 0.000000000000000000e+00 3.051757812500000000e-05 7.923825073242187500e+01
1.879397034645080566e+00 0.000000000000000000e+00 0.000000000000000000e+00 0.000000000000000000e+00 1.879397034645080566e+00 0.000000000000000000e+00 0.000000000000000000e+00 0.000000000000000000e+00 3.834129869937896729e-01 1.395399169921875000e+02 0.000000000000000000e+00 0.000000000000000000e+00 0.000000000000000000e+00 6.214396667480468750e+01 0.000000000000000000e+00 0.000000000000000000e+00 0.000000000000000000e+00 1.525878906250000000e-05 8.074873352050781250e+01
1.886934638023376465e+00 0.000000000000000000e+00 0.000000000000000000e+00 0.000000000000000000e+00 1.886934638023376465e+00 0.000000000000000000e+00 0.000000000000000000e+00 0.000000000000000000e+00 3.804208636283874512e-01 1.413535766601562500e+02 0.000000000000000000e+00 0.000000000000000000e+00 0.000000000000000000e+00 6.293811798095703125e+01 0.000000000000000000e+00 0.000000000000000000e+00 0.000000000000000000e+00 -1.525878906250000000e-05 8.227875518798828125e+01
1.894472360610961914e+00 0.000000000000000000e+00 0.000000000000000000e+00 0.000000000000000000e+00 1.894472360610961914e+00 0.000000000000000000e+00 0.000000000000000000e+00 0.000000000000000000e+00 3.774562180042266846e-01 1.431866302490234375e+02 0.000000000000000000e+00 0.000000000000000000e+00 0.000000000000000000e+00 6.374393081665039062e+01 0.000000000000000000e+00 0.000000000000000000e+00 0.000000000000000000e+00 -3.051757812500000000e-05 8.382857513427734375e+01
1.902010083198547363e+00 0.000000000000000000e+00 0.000000000000000000e+00 0.000000000000000000e+00 1.902010083198547363e+00 0.000000000000000000e+00 0.000000000000000000e+00 0.000000000000000000e+00 3.745188117027282715e-01 1.450393981933593750e+02 0.000000000000000000e+00 0.000000000000000000e+00 0.000000000000000000e+00 6.456170654296875000e+01 0.000000000000000000e+00 0.000000000000000000e+00 0.000000000000000000e+00 -1.525878906250000000e-05 8.539840698242187500e+01
1.909547686576843262e+00 0.000000000000000000e+00 0.000000000000000000e+00 0.000000000000000000e+00 1.909547686576843262e+00 0.000000000000000000e+00 0.000000000000000000e+00 0.000000000000000000e+00 3.716083765029907227e-01 1.469120483398437500e+02 0.000000000000000000e+00 0.000000000000000000e+00 0.000000000000000000e+00 6.539163208007812500e+01 0.000000000000000000e+00 0.000000000000000000e+00 0.000000000000000000e+00 0.000000000000000000e+00 8.698846435546875000e+01
1.917085409164428711e+00 0.000000000000000000e+00 0.000000000000000000e+00 0.000000000000000000e+00 1.917085409164428711e+00 0.000000000000000000e+00 0.000000000000000000e+00 0.000000000000000000e+00 3.687246441841125488e-01 1.488050079345703125e+02 0.000000000000000000e+00 0.000000000000000000e+00 0.000000000000000000e+00 6.623400878906250000e+01 0.000000000000000000e+00 0.000000000000000000e+00 0.000000000000000000e+00 -3.051757812500000000e-05 8.859904479980468750e+01
1.924623131752014160e+00 0.000000000000000000e+00 0.000000000000000000e+00 0.000000000000000000e+00 1.924623131752014160e+00 0.000000000000000000e+00 0.000000000000000000e+00 0.000000000000000000e+00 3.658674359321594238e-01 1.507185363769531250e+02 0.000000000000000000e+00 0.000000000000000000e+00 0.000000000000000000e+00 6.708909606933593750e+01 0.000000000000000000e+00 0.000000000000000000e+00 0.000000000000000000e+00 1.525878906250000000e-05 9.023037719726562500e+01
1.932160854339599609e+00 0.000000000000000000e+00 0.000000000000000000e+00 0.000000000000000000e+00 1.932160854339599609e+00 0.000000000000000000e+00 0.000000000000000000e+00 0.000000000000000000e+00 3.630364537239074707e-01 1.526529083251953125e+02 0.000000000000000000e+00 0.000000000000000000e+00 0.000000000000000000e+00 6.795713043212890625e+01 0.000000000000000000e+00 0.000000000000000000e+00 0.000000000000000000e+00 3.051757812500000000e-05 9.188265991210937500e+01
1.939698457717895508e+00 0.000000000000000000e+00 0.000000000000000000e+00 0.000000000000000000e+00 1.939698457717895508e+00 0.000000000000000000e+00 0.000000000000000000e+00 0.000000000000000000e+00 3.602314591407775879e-01 1.546084289550781250e+02 0.000000000000000000e+00 0.000000000000000000e+00 0.000000000000000000e+00 6.883836364746093750e+01 0.000000000000000000e+00 0.000000000000000000e+00 0.000000000000000000e+00 1.525878906250000000e-05 9.355621337890625000e+01
1.947236180305480957e+00 0.000000000000000000e+00 0.000000000000000000e+00 0.000000000000000000e+00 1.947236180305480957e+00 0.000000000000000000e+00 0.000000000000000000e+00 0.000000000000000000e+00 3.574522435665130615e-01 1.565854492187500000e+02 0.000000000000000000e+00 0.000000000000000000e+00 0.000000000000000000e+00 6.973312377929687500e+01 0.000000000000000000e+00 0.000000000000000000e+00 0.000000000000000000e+00 0.000000000000000000e+00 9.525128173828125000e+01
1.954773902893066406e+00 0.000000000000000000e+00 0.000000000000000000e+00 0.000000000000000000e+00 1.954773902893066406e+00 0.000000000000000000e+00 0.000000000000000000e+00 0.000000000000000000e+00 3.546985387802124023e-01 1.585843505859375000e+02 0.000000000000000000e+00 0.000000000000000000e+00 0.000000000000000000e+00 7.064167785644531250e+01 0.000000000000000000e+00 0.000000000000000000e+00 0.000000000000000000e+00 7.629394531250000000e-05 9.696817016601562500e+01
1.962311506271362305e+00 0.000000000000000000e+00 0.000000000000000000e+00 0.000000000000000000e+00 1.962311506271362305e+00 0.000000000000000000e+00 0.000000000000000000e+00 0.000000000000000000e+00 3.519701063632965088e-01 1.606052246093750000e+02 0.000000000000000000e+00 0.000000000000000000e+00 0.000000000000000000e+00 7.156420135498046875e+01 0.000000000000000000e+00 0.000000000000000000e+00 0.000000000000000000e+00 0.000000000000000000e+00 9.870703125000000000e+01
1.969849228858947754e+00 0.000000000000000000e+00 0.000000000000000000e+00 0.000000000000000000e+00 1.969849228858947754e+00 0.000000000000000000e+00 0.000000000000000000e+00 0.000000000000000000e+00 3.492667376995086670e-01 1.626486206054687500e+02 0.000000000000000000e+00 0.000000000000000000e+00 0.000000000000000000e+00 7.250111389160156250e+01 0.000000000000000000e+00 0.000000000000000000e+00 0.000000000000000000e+00 -3.051757812500000000e-05 1.004682617187500000e+02
1.977386951446533203e+00 0.000000000000000000e+00 0.000000000000000000e+00 0.000000000000000000e+00 1.977386951446533203e+00 0.000000000000000000e+00 0.000000000000000000e+00 0.000000000000000000e+00 3.465881645679473877e-01 1.647148132324218750e+02 0.000000000000000000e+00 0.000000000000000000e+00 0.000000000000000000e+00 7.345268249511718750e+01 0.000000000000000000e+00 0.000000000000000000e+00 0.000000000000000000e+00 3.051757812500000000e-05 1.022521362304687500e+02
1.984924674034118652e+00 0.000000000000000000e+00 0.000000000000000000e+00 0.000000000000000000e+00 1.984924674034118652e+00 0.000000000000000000e+00 0.000000000000000000e+00 0.000000000000000000e+00 3.439342081546783447e-01 1.668040618896484375e+02 0.000000000000000000e+00 0.000000000000000000e+00 0.000000000000000000e+00 7.441911315917968750e+01 0.000000000000000000e+00 0.000000000000000000e+00 0.000000000000000000e+00 4.577636718750000000e-05 1.040588378906250000e+02
1.992462277412414551e+00 0.000000000000000000e+00 0.000000000000000000e+00 0.000000000000000000e+00 1.992462277412414551e+00 0.000000000000000000e+00 0.000000000000000000e+00 0.000000000000000000e+00 3.413045704364776611e-01 1.689167175292968750e+02 0.000000000000000000e+00 0.000000000000000000e+00 0.000000000000000000e+00 7.540071105957031250e+01 0.000000000000000000e+00 0.000000000000000000e+00 0.000000000000000000e+00 -6.103515625000000000e-05 1.058887176513671875e+02
2.000000000000000000e+00 0.000000000000000000e+00 0.000000000000000000e+00 0.000000000000000000e+00 2.000000000000000000e+00 0.000000000000000000e+00 0.000000000000000000e+00 0.000000000000000000e+00 3.386990427970886230e-01 1.710531921386718750e+02 0.000000000000000000e+00 0.000000000000000000e+00 0.000000000000000000e+00 7.639784240722656250e+01 0.000000000000000000e+00 0.000000000000000000e+00 0.000000000000000000e+00 -7.629394531250000000e-05 1.077420959472656250e+02
